SID,DTime,DAuto,DEvent,DEventText,DEffectText,DAltText,DGroup,DArgCount,DText1,DValue1,DText2,DValue2,DText3,DValue3,DText4,DValue4,DText5,DValue5,scheduleID
83,0.0,0,28,Input Definition,(SYSTEM),,0,5,Auxiliary_IN #1,8.0,Auxiliary_IN #2,9,Auxiliary_IN #3,10,Tray #1,0,BIRBeam #1,1,cog_Mouse Pairwise Initial Touch Training v3_RewardTone
83,0.0,1,28,Input Definition,(SYSTEM),,0,5,FIRBeam #1,2.0,RightFIRBeam #1,3,FeederStatus #1,4,Terminal_Block_IN #6,5,Terminal_Block_IN #7,6,cog_Mouse Pairwise Initial Touch Training v3_RewardTone
83,0.0,2,28,Input Definition,(SYSTEM),,0,1,Terminal_Block_IN #8,7.0,,0,,0,,0,,0,cog_Mouse Pairwise Initial Touch Training v3_RewardTone
83,0.0,3,27,Output Definition,(SYSTEM),,0,5,Auxiliary Enable,18.0,init_TTL #1,10,onset_choice_TTL #1,11,cue_TTL #1,12,reward_retrieval_TTL #1,13,cog_Mouse Pairwise Initial Touch Training v3_RewardTone
83,0.0,4,27,Output Definition,(SYSTEM),,0,5,TTL #1,14.0,TTL #2,15,Auxiliary_OUT #7,16,Auxiliary_OUT #8,17,HouseLight #1,0,cog_Mouse Pairwise Initial Touch Training v3_RewardTone
83,0.0,5,27,Output Definition,(SYSTEM),,0,5,TrayLight #1,1.0,Feeder #1,2,Feeder #2,3,HouseLight #2,4,Terminal_Block_OUT #6,5,cog_Mouse Pairwise Initial Touch Training v3_RewardTone
83,0.0,6,27,Output Definition,(SYSTEM),,0,4,Terminal_Block_OUT #7,6.0,Terminal_Block_OUT #8,7,Terminal_Block_OUT #9,8,Terminal_Block_OUT #10,9,,0,cog_Mouse Pairwise Initial Touch Training v3_RewardTone
83,0.0,7,71,List Array - Write,audio,,0,2,incorrect tone,1.0,correct tone,2,,0,,0,,0,cog_Mouse Pairwise Initial Touch Training v3_RewardTone
83,0.0,8,37,Image List Definition,Background,,0,1,Bussey Mouse Operant Mode 2 x 1 x low,3.0,,0,,0,,0,,0,cog_Mouse Pairwise Initial Touch Training v3_RewardTone
83,0.0,9,36,List Array - Write,Background,,0,1,Image 1,1.0,,0,,0,,0,,0,cog_Mouse Pairwise Initial Touch Training v3_RewardTone
83,0.0,10,22,List Array - Write,Grid_Position,,0,5,Item #1,1.0,Item #2,1,Item #3,1,Item #4,1,Item #5,1,cog_Mouse Pairwise Initial Touch Training v3_RewardTone
83,0.0,11,22,List Array - Write,Grid_Position,,0,5,Item #6,2.0,Item #7,2,Item #8,2,Item #9,2,Item #10,2,cog_Mouse Pairwise Initial Touch Training v3_RewardTone
83,0.0,12,37,Image List Definition,Images,,0,1,Bussey Mouse Operant Mode 2 x 1 x low,3.0,,0,,0,,0,,0,cog_Mouse Pairwise Initial Touch Training v3_RewardTone
83,0.0,13,36,List Array - Write,Images,,0,2,Image 1,1.0,Image 2,2,,0,,0,,0,cog_Mouse Pairwise Initial Touch Training v3_RewardTone
83,0.0,14,37,Image List Definition,Training_Images,,0,1,Bussey Mouse Operant Mode 2 x 1 x low,3.0,,0,,0,,0,,0,cog_Mouse Pairwise Initial Touch Training v3_RewardTone
83,0.0,15,36,List Array - Write,Training_Images,,0,5,Image 1,1.0,Image 2,2,Image 3,3,Image 4,4,Image 5,5,cog_Mouse Pairwise Initial Touch Training v3_RewardTone
83,0.0,16,36,List Array - Write,Training_Images,,0,5,Image 6,6.0,Image 7,7,Image 8,8,Image 9,9,Image 10,10,cog_Mouse Pairwise Initial Touch Training v3_RewardTone
83,0.0,17,36,List Array - Write,Training_Images,,0,5,Image 11,11.0,Image 12,12,Image 13,13,Image 14,14,Image 15,15,cog_Mouse Pairwise Initial Touch Training v3_RewardTone
83,0.0,18,36,List Array - Write,Training_Images,,0,5,Image 16,16.0,Image 17,17,Image 18,18,Image 19,19,Image 20,20,cog_Mouse Pairwise Initial Touch Training v3_RewardTone
83,0.0,19,36,List Array - Write,Training_Images,,0,5,Image 21,21.0,Image 22,22,Image 23,23,Image 24,24,Image 25,25,cog_Mouse Pairwise Initial Touch Training v3_RewardTone
83,0.0,20,36,List Array - Write,Training_Images,,0,5,Image 26,26.0,Image 27,27,Image 28,28,Image 29,29,Image 30,30,cog_Mouse Pairwise Initial Touch Training v3_RewardTone
83,0.0,21,36,List Array - Write,Training_Images,,0,5,Image 31,31.0,Image 32,32,Image 33,33,Image 34,34,Image 35,35,cog_Mouse Pairwise Initial Touch Training v3_RewardTone
83,0.0,22,36,List Array - Write,Training_Images,,0,5,Image 36,36.0,Image 37,37,Image 38,38,Image 39,39,Image 40,40,cog_Mouse Pairwise Initial Touch Training v3_RewardTone
83,0.0,23,16,Variable Event,_Trial_Counter,,0,1,Value,0.0,,0,,0,,0,,0,cog_Mouse Pairwise Initial Touch Training v3_RewardTone
83,0.0,24,16,Variable Event,Blank_Touch_Counter,,0,1,Value,0.0,,0,,0,,0,,0,cog_Mouse Pairwise Initial Touch Training v3_RewardTone
83,0.0,25,16,Variable Event,Correct_Counter,,0,1,Value,0.0,,0,,0,,0,,0,cog_Mouse Pairwise Initial Touch Training v3_RewardTone
83,0.0,26,16,Variable Event,Correct_Grid_Position,,0,1,Value,0.0,,0,,0,,0,,0,cog_Mouse Pairwise Initial Touch Training v3_RewardTone
83,0.0,27,16,Variable Event,Feeder_Pulse_Time,,0,1,Value,280.0,,0,,0,,0,,0,cog_Mouse Pairwise Initial Touch Training v3_RewardTone
83,0.0,28,16,Variable Event,First_Trial,,0,1,Value,1.0,,0,,0,,0,,0,cog_Mouse Pairwise Initial Touch Training v3_RewardTone
83,0.0,29,16,Variable Event,Image_Time,,0,1,Value,30.0,,0,,0,,0,,0,cog_Mouse Pairwise Initial Touch Training v3_RewardTone
83,0.0,30,16,Variable Event,Incorrect_Grid_Position,,0,1,Value,0.0,,0,,0,,0,,0,cog_Mouse Pairwise Initial Touch Training v3_RewardTone
83,0.0,31,16,Variable Event,ITI,,0,1,Value,3.0,,0,,0,,0,,0,cog_Mouse Pairwise Initial Touch Training v3_RewardTone
83,0.0,32,16,Variable Event,Left,,0,1,Value,1.0,,0,,0,,0,,0,cog_Mouse Pairwise Initial Touch Training v3_RewardTone
83,0.0,33,16,Variable Event,Left_Touches_during_ITI,,0,1,Value,0.0,,0,,0,,0,,0,cog_Mouse Pairwise Initial Touch Training v3_RewardTone
83,0.0,34,16,Variable Event,Post_Reward_Tone_Delay,,0,1,Value,0.5,,0,,0,,0,,0,cog_Mouse Pairwise Initial Touch Training v3_RewardTone
83,0.0,35,16,Variable Event,Reward_Tone_Duration,,0,1,Value,500.0,,0,,0,,0,,0,cog_Mouse Pairwise Initial Touch Training v3_RewardTone
83,0.0,36,16,Variable Event,Right,,0,1,Value,2.0,,0,,0,,0,,0,cog_Mouse Pairwise Initial Touch Training v3_RewardTone
83,0.0,37,16,Variable Event,Right_touches_during_ITI,,0,1,Value,0.0,,0,,0,,0,,0,cog_Mouse Pairwise Initial Touch Training v3_RewardTone
83,0.0,38,74,Audio List Items Described,audio,,0,2,Tone: 3000 Hz,1.0,Tone: 12000 Hz,2,,0,,0,,0,cog_Mouse Pairwise Initial Touch Training v3_RewardTone
83,0.0,39,72,Image List Items Described,Background,,0,1,<ABETMultimediaFolder>\PAL\5.bmp,1.0,,0,,0,,0,,0,cog_Mouse Pairwise Initial Touch Training v3_RewardTone
83,0.0,40,72,Image List Items Described,Images,,0,2,<ABETMultimediaFolder>\PD\PD New Mouse\800x600-marbles-240x240.bmp,1.0,<ABETMultimediaFolder>\PD\PD New Mouse\800x600-flag-240x240.bmp,2,,0,,0,,0,cog_Mouse Pairwise Initial Touch Training v3_RewardTone
83,0.0,41,72,Image List Items Described,Training_Images,,0,5,<ABETMultimediaFolder>\PD Training\New 2x1 Mouse\800x600-40-240x240.bmp,1.0,<ABETMultimediaFolder>\PD Training\New 2x1 Mouse\800x600-1-240x240.bmp,2,<ABETMultimediaFolder>\PD Training\New 2x1 Mouse\800x600-2-240x240.bmp,3,<ABETMultimediaFolder>\PD Training\New 2x1 Mouse\800x600-3-240x240.bmp,4,<ABETMultimediaFolder>\PD Training\New 2x1 Mouse\800x600-4-240x240.bmp,5,cog_Mouse Pairwise Initial Touch Training v3_RewardTone
83,0.0,42,72,Image List Items Described,Training_Images,,0,5,<ABETMultimediaFolder>\PD Training\New 2x1 Mouse\800x600-5-240x240.bmp,6.0,<ABETMultimediaFolder>\PD Training\New 2x1 Mouse\800x600-6-240x240.bmp,7,<ABETMultimediaFolder>\PD Training\New 2x1 Mouse\800x600-7-240x240.bmp,8,<ABETMultimediaFolder>\PD Training\New 2x1 Mouse\800x600-8-240x240.bmp,9,<ABETMultimediaFolder>\PD Training\New 2x1 Mouse\800x600-9-240x240.bmp,10,cog_Mouse Pairwise Initial Touch Training v3_RewardTone
83,0.0,43,72,Image List Items Described,Training_Images,,0,5,<ABETMultimediaFolder>\PD Training\New 2x1 Mouse\800x600-10-240x240.bmp,11.0,<ABETMultimediaFolder>\PD Training\New 2x1 Mouse\800x600-11-240x240.bmp,12,<ABETMultimediaFolder>\PD Training\New 2x1 Mouse\800x600-12-240x240.bmp,13,<ABETMultimediaFolder>\PD Training\New 2x1 Mouse\800x600-13-240x240.bmp,14,<ABETMultimediaFolder>\PD Training\New 2x1 Mouse\800x600-14-240x240.bmp,15,cog_Mouse Pairwise Initial Touch Training v3_RewardTone
83,0.0,44,72,Image List Items Described,Training_Images,,0,5,<ABETMultimediaFolder>\PD Training\New 2x1 Mouse\800x600-15-240x240.bmp,16.0,<ABETMultimediaFolder>\PD Training\New 2x1 Mouse\800x600-16-240x240.bmp,17,<ABETMultimediaFolder>\PD Training\New 2x1 Mouse\800x600-17-240x240.bmp,18,<ABETMultimediaFolder>\PD Training\New 2x1 Mouse\800x600-18-240x240.bmp,19,<ABETMultimediaFolder>\PD Training\New 2x1 Mouse\800x600-19-240x240.bmp,20,cog_Mouse Pairwise Initial Touch Training v3_RewardTone
83,0.0,45,72,Image List Items Described,Training_Images,,0,5,<ABETMultimediaFolder>\PD Training\New 2x1 Mouse\800x600-20-240x240.bmp,21.0,<ABETMultimediaFolder>\PD Training\New 2x1 Mouse\800x600-21-240x240.bmp,22,<ABETMultimediaFolder>\PD Training\New 2x1 Mouse\800x600-22-240x240.bmp,23,<ABETMultimediaFolder>\PD Training\New 2x1 Mouse\800x600-23-240x240.bmp,24,<ABETMultimediaFolder>\PD Training\New 2x1 Mouse\800x600-24-240x240.bmp,25,cog_Mouse Pairwise Initial Touch Training v3_RewardTone
83,0.0,46,72,Image List Items Described,Training_Images,,0,5,<ABETMultimediaFolder>\PD Training\New 2x1 Mouse\800x600-25-240x240.bmp,26.0,<ABETMultimediaFolder>\PD Training\New 2x1 Mouse\800x600-26-240x240.bmp,27,<ABETMultimediaFolder>\PD Training\New 2x1 Mouse\800x600-27-240x240.bmp,28,<ABETMultimediaFolder>\PD Training\New 2x1 Mouse\800x600-28-240x240.bmp,29,<ABETMultimediaFolder>\PD Training\New 2x1 Mouse\800x600-29-240x240.bmp,30,cog_Mouse Pairwise Initial Touch Training v3_RewardTone
83,0.0,47,72,Image List Items Described,Training_Images,,0,5,<ABETMultimediaFolder>\PD Training\New 2x1 Mouse\800x600-30-240x240.bmp,31.0,<ABETMultimediaFolder>\PD Training\New 2x1 Mouse\800x600-31-240x240.bmp,32,<ABETMultimediaFolder>\PD Training\New 2x1 Mouse\800x600-32-240x240.bmp,33,<ABETMultimediaFolder>\PD Training\New 2x1 Mouse\800x600-33-240x240.bmp,34,<ABETMultimediaFolder>\PD Training\New 2x1 Mouse\800x600-34-240x240.bmp,35,cog_Mouse Pairwise Initial Touch Training v3_RewardTone
83,0.0,48,72,Image List Items Described,Training_Images,,0,5,<ABETMultimediaFolder>\PD Training\New 2x1 Mouse\800x600-35-240x240.bmp,36.0,<ABETMultimediaFolder>\PD Training\New 2x1 Mouse\800x600-36-240x240.bmp,37,<ABETMultimediaFolder>\PD Training\New 2x1 Mouse\800x600-37-240x240.bmp,38,<ABETMultimediaFolder>\PD Training\New 2x1 Mouse\800x600-38-240x240.bmp,39,<ABETMultimediaFolder>\PD Training\New 2x1 Mouse\800x600-39-240x240.bmp,40,cog_Mouse Pairwise Initial Touch Training v3_RewardTone
83,0.0,49,10003,INFO,(SYSTEM),(INFO),0,1,24 Volt is online.,0.0,,0,,0,,0,,0,cog_Mouse Pairwise Initial Touch Training v3_RewardTone
83,0.0,50,10003,INFO,(SYSTEM),(INFO),0,1,24 Volt is online.,0.0,,0,,0,,0,,0,cog_Mouse Pairwise Initial Touch Training v3_RewardTone
83,0.0,51,0,Schedule Startup Event,(SYSTEM),,0,0,,0.0,,0,,0,,0,,0,cog_Mouse Pairwise Initial Touch Training v3_RewardTone
83,0.0,52,29,Timer Event,_Schedule_Timer,,0,1,Value,0.0,,0,,0,,0,,0,cog_Mouse Pairwise Initial Touch Training v3_RewardTone
83,0.0,53,21,Group Change Event,Group Change,,0,1,New Group,1.0,,0,,0,,0,,0,cog_Mouse Pairwise Initial Touch Training v3_RewardTone
83,0.0,54,17,List Change - Set,audio,,1,2,Index,1.0,incorrect tone,1,,0,,0,,0,cog_Mouse Pairwise Initial Touch Training v3_RewardTone
83,0.0,55,17,List Change - Set,Background,,1,2,Index,1.0,Image 1,1,,0,,0,,0,cog_Mouse Pairwise Initial Touch Training v3_RewardTone
83,0.0,56,17,List Change - Set,Grid_Position,,1,2,Index,7.0,Value,2,,0,,0,,0,cog_Mouse Pairwise Initial Touch Training v3_RewardTone
83,0.0,57,17,List Change - Set,Images,,1,2,Index,1.0,Image 1,1,,0,,0,,0,cog_Mouse Pairwise Initial Touch Training v3_RewardTone
83,0.0,58,17,List Change - Set,Training_Images,,1,2,Index,31.0,Image 31,31,,0,,0,,0,cog_Mouse Pairwise Initial Touch Training v3_RewardTone
83,0.0,59,1,Condition Event,Set Blank Images,,1,0,,0.0,,0,,0,,0,,0,cog_Mouse Pairwise Initial Touch Training v3_RewardTone
83,0.0,60,32,Display Image,Bussey Mouse Operant Mode 2 x 1 x low,Background,1,2,Position,1.0,Image 1,0,,0,,0,,0,cog_Mouse Pairwise Initial Touch Training v3_RewardTone
83,0.0,61,32,Display Image,Bussey Mouse Operant Mode 2 x 1 x low,Background,1,2,Position,2.0,Image 1,0,,0,,0,,0,cog_Mouse Pairwise Initial Touch Training v3_RewardTone
83,0.0,62,16,Variable Event,Post_Reward_Tone_Delay,,1,1,Value,500.0,,0,,0,,0,,0,cog_Mouse Pairwise Initial Touch Training v3_RewardTone
83,0.0,63,16,Variable Event,Post_Reward_Tone_Delay,,1,1,Value,1000.0,,0,,0,,0,,0,cog_Mouse Pairwise Initial Touch Training v3_RewardTone
83,0.0,64,16,Variable Event,Post_Reward_Tone_Delay,,1,1,Value,1.0,,0,,0,,0,,0,cog_Mouse Pairwise Initial Touch Training v3_RewardTone
83,0.0,65,21,Group Change Event,Group Change,,1,1,New Group,2.0,,0,,0,,0,,0,cog_Mouse Pairwise Initial Touch Training v3_RewardTone
83,0.001,66,1,Condition Event,Set Image position,,2,0,,0.0,,0,,0,,0,,0,cog_Mouse Pairwise Initial Touch Training v3_RewardTone
83,0.001,67,16,Variable Event,Correct_Grid_Position,,2,1,Value,2.0,,0,,0,,0,,0,cog_Mouse Pairwise Initial Touch Training v3_RewardTone
83,0.001,68,17,List Change - Set,Grid_Position,,2,2,Index,8.0,Value,2,,0,,0,,0,cog_Mouse Pairwise Initial Touch Training v3_RewardTone
83,0.001,69,21,Group Change Event,Group Change,,2,1,New Group,3.0,,0,,0,,0,,0,cog_Mouse Pairwise Initial Touch Training v3_RewardTone
83,0.001,70,1,Condition Event,Incorrect Left,,3,0,,0.0,,0,,0,,0,,0,cog_Mouse Pairwise Initial Touch Training v3_RewardTone
83,0.001,71,16,Variable Event,Incorrect_Grid_Position,,3,1,Value,1.0,,0,,0,,0,,0,cog_Mouse Pairwise Initial Touch Training v3_RewardTone
83,0.001,72,21,Group Change Event,Group Change,,3,1,New Group,4.0,,0,,0,,0,,0,cog_Mouse Pairwise Initial Touch Training v3_RewardTone
83,0.001,73,1,Condition Event,Start ITI,,4,0,,0.0,,0,,0,,0,,0,cog_Mouse Pairwise Initial Touch Training v3_RewardTone
83,0.001,74,29,Timer Event,ITI_Timer,,4,1,Value,0.0,,0,,0,,0,,0,cog_Mouse Pairwise Initial Touch Training v3_RewardTone
83,0.001,75,21,Group Change Event,Group Change,,4,1,New Group,5.0,,0,,0,,0,,0,cog_Mouse Pairwise Initial Touch Training v3_RewardTone
83,2.595,76,39,Input Transition Off Event,BIRBeam #1,,5,0,,0.0,,0,,0,,0,,0,cog_Mouse Pairwise Initial Touch Training v3_RewardTone
83,2.729,77,38,Input Transition On Event,FIRBeam #1,,5,0,,0.0,,0,,0,,0,,0,cog_Mouse Pairwise Initial Touch Training v3_RewardTone
83,3.001,78,1,Condition Event,No Increment Trial Counter,,5,0,,0.0,,0,,0,,0,,0,cog_Mouse Pairwise Initial Touch Training v3_RewardTone
83,3.001,79,21,Group Change Event,Group Change,,5,1,New Group,6.0,,0,,0,,0,,0,cog_Mouse Pairwise Initial Touch Training v3_RewardTone
83,3.001,80,1,Condition Event,Display Image,,6,0,,0.0,,0,,0,,0,,0,cog_Mouse Pairwise Initial Touch Training v3_RewardTone
83,3.001,81,32,Display Image,Bussey Mouse Operant Mode 2 x 1 x low,Training_Images,6,2,Position,2.0,Image 31,30,,0,,0,,0,cog_Mouse Pairwise Initial Touch Training v3_RewardTone
83,3.001,82,4,Output Off Event,TrayLight #1,,6,0,,0.0,,0,,0,,0,,0,cog_Mouse Pairwise Initial Touch Training v3_RewardTone
83,3.001,83,29,Timer Event,Image_Timer,,6,1,Value,0.0,,0,,0,,0,,0,cog_Mouse Pairwise Initial Touch Training v3_RewardTone
83,3.001,84,17,List Change - Set,Training_Images,,6,2,Index,30.0,Image 30,30,,0,,0,,0,cog_Mouse Pairwise Initial Touch Training v3_RewardTone
83,3.001,85,21,Group Change Event,Group Change,,6,1,New Group,7.0,,0,,0,,0,,0,cog_Mouse Pairwise Initial Touch Training v3_RewardTone
83,3.435,86,39,Input Transition Off Event,FIRBeam #1,,7,0,,0.0,,0,,0,,0,,0,cog_Mouse Pairwise Initial Touch Training v3_RewardTone
83,5.836,87,38,Input Transition On Event,FIRBeam #1,,7,0,,0.0,,0,,0,,0,,0,cog_Mouse Pairwise Initial Touch Training v3_RewardTone
83,7.288,88,39,Input Transition Off Event,FIRBeam #1,,7,0,,0.0,,0,,0,,0,,0,cog_Mouse Pairwise Initial Touch Training v3_RewardTone
83,7.495,89,38,Input Transition On Event,BIRBeam #1,,7,0,,0.0,,0,,0,,0,,0,cog_Mouse Pairwise Initial Touch Training v3_RewardTone
83,8.485,90,38,Input Transition On Event,Tray #1,,7,0,,0.0,,0,,0,,0,,0,cog_Mouse Pairwise Initial Touch Training v3_RewardTone
83,9.385,91,39,Input Transition Off Event,Tray #1,,7,0,,0.0,,0,,0,,0,,0,cog_Mouse Pairwise Initial Touch Training v3_RewardTone
83,10.44,92,38,Input Transition On Event,Tray #1,,7,0,,0.0,,0,,0,,0,,0,cog_Mouse Pairwise Initial Touch Training v3_RewardTone
83,10.581,93,39,Input Transition Off Event,Tray #1,,7,0,,0.0,,0,,0,,0,,0,cog_Mouse Pairwise Initial Touch Training v3_RewardTone
83,14.745,94,39,Input Transition Off Event,BIRBeam #1,,7,0,,0.0,,0,,0,,0,,0,cog_Mouse Pairwise Initial Touch Training v3_RewardTone
83,14.902,95,38,Input Transition On Event,FIRBeam #1,,7,0,,0.0,,0,,0,,0,,0,cog_Mouse Pairwise Initial Touch Training v3_RewardTone
83,15.907,96,39,Input Transition Off Event,FIRBeam #1,,7,0,,0.0,,0,,0,,0,,0,cog_Mouse Pairwise Initial Touch Training v3_RewardTone
83,18.107,97,30,Touch Down Event,Bussey Mouse Operant Mode 2 x 1 x low,,7,4,Position,1.0,Image 1,0,CoordX,14,CoordY,24,,0,cog_Mouse Pairwise Initial Touch Training v3_RewardTone
83,18.107,98,1,Condition Event,Blank Image Touched,,7,0,,0.0,,0,,0,,0,,0,cog_Mouse Pairwise Initial Touch Training v3_RewardTone
83,18.107,99,16,Variable Event,Blank_Touch_Counter,,7,1,Value,1.0,,0,,0,,0,,0,cog_Mouse Pairwise Initial Touch Training v3_RewardTone
83,18.107,100,61,Group Maintain Event,Group Change,,7,1,New Group,7.0,,0,,0,,0,,0,cog_Mouse Pairwise Initial Touch Training v3_RewardTone
83,18.375,101,31,Touch Up Event,Bussey Mouse Operant Mode 2 x 1 x low,,7,4,Position,1.0,Image 1,0,CoordX,32,CoordY,20,,0,cog_Mouse Pairwise Initial Touch Training v3_RewardTone
83,22.525,102,38,Input Transition On Event,FIRBeam #1,,7,0,,0.0,,0,,0,,0,,0,cog_Mouse Pairwise Initial Touch Training v3_RewardTone
83,23.157,103,39,Input Transition Off Event,FIRBeam #1,,7,0,,0.0,,0,,0,,0,,0,cog_Mouse Pairwise Initial Touch Training v3_RewardTone
83,26.588,104,30,Touch Down Event,Bussey Mouse Operant Mode 2 x 1 x low,,7,4,Position,2.0,Image 31,30,CoordX,226,CoordY,38,,0,cog_Mouse Pairwise Initial Touch Training v3_RewardTone
83,26.588,105,1,Condition Event,Image Touched,,7,0,,0.0,,0,,0,,0,,0,cog_Mouse Pairwise Initial Touch Training v3_RewardTone
83,26.588,106,32,Display Image,Bussey Mouse Operant Mode 2 x 1 x low,Background,7,2,Position,2.0,Image 1,0,,0,,0,,0,cog_Mouse Pairwise Initial Touch Training v3_RewardTone
83,26.588,107,64,Play Audio Tone for Duration,(AUDIO),audio,7,3,correct tone,1.0,Intensity,100,Duration,500,,0,,0,cog_Mouse Pairwise Initial Touch Training v3_RewardTone
83,26.588,108,29,Timer Event,Post_Reward_Tone_Delay_Timer,,7,1,Value,0.0,,0,,0,,0,,0,cog_Mouse Pairwise Initial Touch Training v3_RewardTone
83,26.588,109,21,Group Change Event,Group Change,,7,1,New Group,8.0,,0,,0,,0,,0,cog_Mouse Pairwise Initial Touch Training v3_RewardTone
83,26.746,110,31,Touch Up Event,Bussey Mouse Operant Mode 2 x 1 x low,,8,4,Position,2.0,Image 1,0,CoordX,226,CoordY,38,,0,cog_Mouse Pairwise Initial Touch Training v3_RewardTone
83,27.597,111,1,Condition Event,Post Reward Tone Delay,,8,0,,0.0,,0,,0,,0,,0,cog_Mouse Pairwise Initial Touch Training v3_RewardTone
83,27.597,112,16,Variable Event,Feeder_Pulse_Time,,8,1,Value,840.0,,0,,0,,0,,0,cog_Mouse Pairwise Initial Touch Training v3_RewardTone
83,27.597,113,7,Pulse Output Event,Feeder #1,,8,1,Duration,0.84,,0,,0,,0,,0,cog_Mouse Pairwise Initial Touch Training v3_RewardTone
83,27.597,114,3,Output On Event,TrayLight #1,,8,0,,0.0,,0,,0,,0,,0,cog_Mouse Pairwise Initial Touch Training v3_RewardTone
83,27.597,115,16,Variable Event,Correct_Counter,,8,1,Value,1.0,,0,,0,,0,,0,cog_Mouse Pairwise Initial Touch Training v3_RewardTone
83,27.597,116,16,Variable Event,Feeder_Pulse_Time,,8,1,Value,280.0,,0,,0,,0,,0,cog_Mouse Pairwise Initial Touch Training v3_RewardTone
83,27.597,117,16,Variable Event,First_Trial,,8,1,Value,0.0,,0,,0,,0,,0,cog_Mouse Pairwise Initial Touch Training v3_RewardTone
83,27.597,118,29,Timer Event,Post_Reward_Tone_Delay_Timer,,8,1,Value,1.01,,0,,0,,0,,0,cog_Mouse Pairwise Initial Touch Training v3_RewardTone
83,27.597,119,29,Timer Event,Post_Reward_Tone_Delay_Timer,,8,1,Value,0.0,,0,,0,,0,,0,cog_Mouse Pairwise Initial Touch Training v3_RewardTone
83,27.597,120,21,Group Change Event,Group Change,,8,1,New Group,2.0,,0,,0,,0,,0,cog_Mouse Pairwise Initial Touch Training v3_RewardTone
83,27.598,121,1,Condition Event,Set Image position,,2,0,,0.0,,0,,0,,0,,0,cog_Mouse Pairwise Initial Touch Training v3_RewardTone
83,27.598,122,16,Variable Event,Correct_Grid_Position,,2,1,Value,2.0,,0,,0,,0,,0,cog_Mouse Pairwise Initial Touch Training v3_RewardTone
83,27.598,123,17,List Change - Set,Grid_Position,,2,2,Index,3.0,Value,1,,0,,0,,0,cog_Mouse Pairwise Initial Touch Training v3_RewardTone
83,27.598,124,21,Group Change Event,Group Change,,2,1,New Group,3.0,,0,,0,,0,,0,cog_Mouse Pairwise Initial Touch Training v3_RewardTone
83,27.599,125,1,Condition Event,Incorrect Left,,3,0,,0.0,,0,,0,,0,,0,cog_Mouse Pairwise Initial Touch Training v3_RewardTone
83,27.599,126,16,Variable Event,Incorrect_Grid_Position,,3,1,Value,1.0,,0,,0,,0,,0,cog_Mouse Pairwise Initial Touch Training v3_RewardTone
83,27.599,127,21,Group Change Event,Group Change,,3,1,New Group,4.0,,0,,0,,0,,0,cog_Mouse Pairwise Initial Touch Training v3_RewardTone
83,27.599,128,1,Condition Event,Start ITI,,4,0,,0.0,,0,,0,,0,,0,cog_Mouse Pairwise Initial Touch Training v3_RewardTone
83,27.599,129,29,Timer Event,ITI_Timer,,4,1,Value,0.0,,0,,0,,0,,0,cog_Mouse Pairwise Initial Touch Training v3_RewardTone
83,27.599,130,21,Group Change Event,Group Change,,4,1,New Group,5.0,,0,,0,,0,,0,cog_Mouse Pairwise Initial Touch Training v3_RewardTone
83,30.495,131,38,Input Transition On Event,FIRBeam #1,,5,0,,0.0,,0,,0,,0,,0,cog_Mouse Pairwise Initial Touch Training v3_RewardTone
83,30.528,132,39,Input Transition Off Event,FIRBeam #1,,5,0,,0.0,,0,,0,,0,,0,cog_Mouse Pairwise Initial Touch Training v3_RewardTone
83,30.605,133,1,Condition Event,Increment Trial Counter,,5,0,,0.0,,0,,0,,0,,0,cog_Mouse Pairwise Initial Touch Training v3_RewardTone
83,30.605,134,16,Variable Event,_Trial_Counter,,5,1,Value,1.0,,0,,0,,0,,0,cog_Mouse Pairwise Initial Touch Training v3_RewardTone
83,30.605,135,21,Group Change Event,Group Change,,5,1,New Group,6.0,,0,,0,,0,,0,cog_Mouse Pairwise Initial Touch Training v3_RewardTone
83,30.605,136,1,Condition Event,Display Image,,6,0,,0.0,,0,,0,,0,,0,cog_Mouse Pairwise Initial Touch Training v3_RewardTone
83,30.605,137,32,Display Image,Bussey Mouse Operant Mode 2 x 1 x low,Training_Images,6,2,Position,2.0,Image 30,29,,0,,0,,0,cog_Mouse Pairwise Initial Touch Training v3_RewardTone
83,30.605,138,4,Output Off Event,TrayLight #1,,6,0,,0.0,,0,,0,,0,,0,cog_Mouse Pairwise Initial Touch Training v3_RewardTone
83,30.605,139,29,Timer Event,Image_Timer,,6,1,Value,0.0,,0,,0,,0,,0,cog_Mouse Pairwise Initial Touch Training v3_RewardTone
83,30.605,140,17,List Change - Set,Training_Images,,6,2,Index,9.0,Image 9,9,,0,,0,,0,cog_Mouse Pairwise Initial Touch Training v3_RewardTone
83,30.605,141,21,Group Change Event,Group Change,,6,1,New Group,7.0,,0,,0,,0,,0,cog_Mouse Pairwise Initial Touch Training v3_RewardTone
83,31.058,142,38,Input Transition On Event,FIRBeam #1,,7,0,,0.0,,0,,0,,0,,0,cog_Mouse Pairwise Initial Touch Training v3_RewardTone
83,31.651,143,39,Input Transition Off Event,FIRBeam #1,,7,0,,0.0,,0,,0,,0,,0,cog_Mouse Pairwise Initial Touch Training v3_RewardTone
83,31.818,144,38,Input Transition On Event,BIRBeam #1,,7,0,,0.0,,0,,0,,0,,0,cog_Mouse Pairwise Initial Touch Training v3_RewardTone
83,32.644,145,38,Input Transition On Event,Tray #1,,7,0,,0.0,,0,,0,,0,,0,cog_Mouse Pairwise Initial Touch Training v3_RewardTone
83,38.749,146,39,Input Transition Off Event,Tray #1,,7,0,,0.0,,0,,0,,0,,0,cog_Mouse Pairwise Initial Touch Training v3_RewardTone
83,38.913,147,38,Input Transition On Event,Tray #1,,7,0,,0.0,,0,,0,,0,,0,cog_Mouse Pairwise Initial Touch Training v3_RewardTone
83,39.525,148,39,Input Transition Off Event,Tray #1,,7,0,,0.0,,0,,0,,0,,0,cog_Mouse Pairwise Initial Touch Training v3_RewardTone
83,42.58,149,39,Input Transition Off Event,BIRBeam #1,,7,0,,0.0,,0,,0,,0,,0,cog_Mouse Pairwise Initial Touch Training v3_RewardTone
83,43.182,150,38,Input Transition On Event,FIRBeam #1,,7,0,,0.0,,0,,0,,0,,0,cog_Mouse Pairwise Initial Touch Training v3_RewardTone
83,47.747,151,39,Input Transition Off Event,FIRBeam #1,,7,0,,0.0,,0,,0,,0,,0,cog_Mouse Pairwise Initial Touch Training v3_RewardTone
83,49.083,152,38,Input Transition On Event,FIRBeam #1,,7,0,,0.0,,0,,0,,0,,0,cog_Mouse Pairwise Initial Touch Training v3_RewardTone
83,49.316,153,39,Input Transition Off Event,FIRBeam #1,,7,0,,0.0,,0,,0,,0,,0,cog_Mouse Pairwise Initial Touch Training v3_RewardTone
83,60.606,154,1,Condition Event,Image display time end,,7,0,,0.0,,0,,0,,0,,0,cog_Mouse Pairwise Initial Touch Training v3_RewardTone
83,60.606,155,32,Display Image,Bussey Mouse Operant Mode 2 x 1 x low,Background,7,2,Position,2.0,Image 1,0,,0,,0,,0,cog_Mouse Pairwise Initial Touch Training v3_RewardTone
83,60.606,156,7,Pulse Output Event,Feeder #1,,7,1,Duration,0.28,,0,,0,,0,,0,cog_Mouse Pairwise Initial Touch Training v3_RewardTone
83,60.606,157,3,Output On Event,TrayLight #1,,7,0,,0.0,,0,,0,,0,,0,cog_Mouse Pairwise Initial Touch Training v3_RewardTone
83,60.606,158,16,Variable Event,First_Trial,,7,1,Value,0.0,,0,,0,,0,,0,cog_Mouse Pairwise Initial Touch Training v3_RewardTone
83,60.606,159,21,Group Change Event,Group Change,,7,1,New Group,8.0,,0,,0,,0,,0,cog_Mouse Pairwise Initial Touch Training v3_RewardTone
83,60.957,160,38,Input Transition On Event,FIRBeam #1,,8,0,,0.0,,0,,0,,0,,0,cog_Mouse Pairwise Initial Touch Training v3_RewardTone
83,61.374,161,39,Input Transition Off Event,FIRBeam #1,,8,0,,0.0,,0,,0,,0,,0,cog_Mouse Pairwise Initial Touch Training v3_RewardTone
83,64.86,162,38,Input Transition On Event,FIRBeam #1,,8,0,,0.0,,0,,0,,0,,0,cog_Mouse Pairwise Initial Touch Training v3_RewardTone
83,64.943,163,39,Input Transition Off Event,FIRBeam #1,,8,0,,0.0,,0,,0,,0,,0,cog_Mouse Pairwise Initial Touch Training v3_RewardTone
83,79.315,164,38,Input Transition On Event,FIRBeam #1,,8,0,,0.0,,0,,0,,0,,0,cog_Mouse Pairwise Initial Touch Training v3_RewardTone
83,79.368,165,39,Input Transition Off Event,FIRBeam #1,,8,0,,0.0,,0,,0,,0,,0,cog_Mouse Pairwise Initial Touch Training v3_RewardTone
83,88.878,166,38,Input Transition On Event,FIRBeam #1,,8,0,,0.0,,0,,0,,0,,0,cog_Mouse Pairwise Initial Touch Training v3_RewardTone
83,89.339,167,39,Input Transition Off Event,FIRBeam #1,,8,0,,0.0,,0,,0,,0,,0,cog_Mouse Pairwise Initial Touch Training v3_RewardTone
83,89.418,168,38,Input Transition On Event,FIRBeam #1,,8,0,,0.0,,0,,0,,0,,0,cog_Mouse Pairwise Initial Touch Training v3_RewardTone
83,89.54,169,39,Input Transition Off Event,FIRBeam #1,,8,0,,0.0,,0,,0,,0,,0,cog_Mouse Pairwise Initial Touch Training v3_RewardTone
83,89.584,170,38,Input Transition On Event,BIRBeam #1,,8,0,,0.0,,0,,0,,0,,0,cog_Mouse Pairwise Initial Touch Training v3_RewardTone
83,90.474,171,38,Input Transition On Event,Tray #1,,8,0,,0.0,,0,,0,,0,,0,cog_Mouse Pairwise Initial Touch Training v3_RewardTone
83,90.474,172,1,Condition Event,Reward Collected Start ITI,,8,0,,0.0,,0,,0,,0,,0,cog_Mouse Pairwise Initial Touch Training v3_RewardTone
83,90.474,173,4,Output Off Event,TrayLight #1,,8,0,,0.0,,0,,0,,0,,0,cog_Mouse Pairwise Initial Touch Training v3_RewardTone
83,90.474,174,21,Group Change Event,Group Change,,8,1,New Group,2.0,,0,,0,,0,,0,cog_Mouse Pairwise Initial Touch Training v3_RewardTone
83,90.475,175,1,Condition Event,Set Image position,,2,0,,0.0,,0,,0,,0,,0,cog_Mouse Pairwise Initial Touch Training v3_RewardTone
83,90.475,176,16,Variable Event,Correct_Grid_Position,,2,1,Value,1.0,,0,,0,,0,,0,cog_Mouse Pairwise Initial Touch Training v3_RewardTone
83,90.475,177,17,List Change - Set,Grid_Position,,2,2,Index,4.0,Value,1,,0,,0,,0,cog_Mouse Pairwise Initial Touch Training v3_RewardTone
83,90.475,178,21,Group Change Event,Group Change,,2,1,New Group,3.0,,0,,0,,0,,0,cog_Mouse Pairwise Initial Touch Training v3_RewardTone
83,90.475,179,1,Condition Event,Incorrect Right,,3,0,,0.0,,0,,0,,0,,0,cog_Mouse Pairwise Initial Touch Training v3_RewardTone
83,90.475,180,16,Variable Event,Incorrect_Grid_Position,,3,1,Value,2.0,,0,,0,,0,,0,cog_Mouse Pairwise Initial Touch Training v3_RewardTone
83,90.475,181,21,Group Change Event,Group Change,,3,1,New Group,4.0,,0,,0,,0,,0,cog_Mouse Pairwise Initial Touch Training v3_RewardTone
83,90.475,182,1,Condition Event,Start ITI,,4,0,,0.0,,0,,0,,0,,0,cog_Mouse Pairwise Initial Touch Training v3_RewardTone
83,90.475,183,29,Timer Event,ITI_Timer,,4,1,Value,0.0,,0,,0,,0,,0,cog_Mouse Pairwise Initial Touch Training v3_RewardTone
83,90.475,184,21,Group Change Event,Group Change,,4,1,New Group,5.0,,0,,0,,0,,0,cog_Mouse Pairwise Initial Touch Training v3_RewardTone
83,92.659,185,39,Input Transition Off Event,Tray #1,,5,0,,0.0,,0,,0,,0,,0,cog_Mouse Pairwise Initial Touch Training v3_RewardTone
83,93.475,186,1,Condition Event,Increment Trial Counter,,5,0,,0.0,,0,,0,,0,,0,cog_Mouse Pairwise Initial Touch Training v3_RewardTone
83,93.475,187,16,Variable Event,_Trial_Counter,,5,1,Value,2.0,,0,,0,,0,,0,cog_Mouse Pairwise Initial Touch Training v3_RewardTone
83,93.475,188,21,Group Change Event,Group Change,,5,1,New Group,6.0,,0,,0,,0,,0,cog_Mouse Pairwise Initial Touch Training v3_RewardTone
83,93.475,189,1,Condition Event,Display Image,,6,0,,0.0,,0,,0,,0,,0,cog_Mouse Pairwise Initial Touch Training v3_RewardTone
83,93.475,190,32,Display Image,Bussey Mouse Operant Mode 2 x 1 x low,Training_Images,6,2,Position,1.0,Image 9,8,,0,,0,,0,cog_Mouse Pairwise Initial Touch Training v3_RewardTone
83,93.475,191,4,Output Off Event,TrayLight #1,,6,0,,0.0,,0,,0,,0,,0,cog_Mouse Pairwise Initial Touch Training v3_RewardTone
83,93.475,192,29,Timer Event,Image_Timer,,6,1,Value,0.0,,0,,0,,0,,0,cog_Mouse Pairwise Initial Touch Training v3_RewardTone
83,93.475,193,17,List Change - Set,Training_Images,,6,2,Index,39.0,Image 39,39,,0,,0,,0,cog_Mouse Pairwise Initial Touch Training v3_RewardTone
83,93.475,194,21,Group Change Event,Group Change,,6,1,New Group,7.0,,0,,0,,0,,0,cog_Mouse Pairwise Initial Touch Training v3_RewardTone
83,95.966,195,39,Input Transition Off Event,BIRBeam #1,,7,0,,0.0,,0,,0,,0,,0,cog_Mouse Pairwise Initial Touch Training v3_RewardTone
83,96.201,196,38,Input Transition On Event,FIRBeam #1,,7,0,,0.0,,0,,0,,0,,0,cog_Mouse Pairwise Initial Touch Training v3_RewardTone
83,96.629,197,39,Input Transition Off Event,FIRBeam #1,,7,0,,0.0,,0,,0,,0,,0,cog_Mouse Pairwise Initial Touch Training v3_RewardTone
83,98.708,198,38,Input Transition On Event,FIRBeam #1,,7,0,,0.0,,0,,0,,0,,0,cog_Mouse Pairwise Initial Touch Training v3_RewardTone
83,99.04,199,39,Input Transition Off Event,FIRBeam #1,,7,0,,0.0,,0,,0,,0,,0,cog_Mouse Pairwise Initial Touch Training v3_RewardTone
83,100.896,200,38,Input Transition On Event,FIRBeam #1,,7,0,,0.0,,0,,0,,0,,0,cog_Mouse Pairwise Initial Touch Training v3_RewardTone
83,101.044,201,39,Input Transition Off Event,FIRBeam #1,,7,0,,0.0,,0,,0,,0,,0,cog_Mouse Pairwise Initial Touch Training v3_RewardTone
83,103.83,202,30,Touch Down Event,Bussey Mouse Operant Mode 2 x 1 x low,,7,4,Position,1.0,Image 9,8,CoordX,171,CoordY,189,,0,cog_Mouse Pairwise Initial Touch Training v3_RewardTone
83,103.83,203,1,Condition Event,Image Touched,,7,0,,0.0,,0,,0,,0,,0,cog_Mouse Pairwise Initial Touch Training v3_RewardTone
83,103.83,204,32,Display Image,Bussey Mouse Operant Mode 2 x 1 x low,Background,7,2,Position,1.0,Image 1,0,,0,,0,,0,cog_Mouse Pairwise Initial Touch Training v3_RewardTone
83,103.83,205,64,Play Audio Tone for Duration,(AUDIO),audio,7,3,correct tone,1.0,Intensity,100,Duration,500,,0,,0,cog_Mouse Pairwise Initial Touch Training v3_RewardTone
83,103.83,206,29,Timer Event,Post_Reward_Tone_Delay_Timer,,7,1,Value,0.0,,0,,0,,0,,0,cog_Mouse Pairwise Initial Touch Training v3_RewardTone
83,103.83,207,21,Group Change Event,Group Change,,7,1,New Group,8.0,,0,,0,,0,,0,cog_Mouse Pairwise Initial Touch Training v3_RewardTone
83,103.892,208,31,Touch Up Event,Bussey Mouse Operant Mode 2 x 1 x low,,8,4,Position,1.0,Image 1,0,CoordX,171,CoordY,189,,0,cog_Mouse Pairwise Initial Touch Training v3_RewardTone
83,103.951,209,30,Touch Down Event,Bussey Mouse Operant Mode 2 x 1 x low,,8,4,Position,1.0,Image 1,0,CoordX,152,CoordY,168,,0,cog_Mouse Pairwise Initial Touch Training v3_RewardTone
83,104.036,210,31,Touch Up Event,Bussey Mouse Operant Mode 2 x 1 x low,,8,4,Position,1.0,Image 1,0,CoordX,152,CoordY,163,,0,cog_Mouse Pairwise Initial Touch Training v3_RewardTone
83,104.83,211,1,Condition Event,Post Reward Tone Delay,,8,0,,0.0,,0,,0,,0,,0,cog_Mouse Pairwise Initial Touch Training v3_RewardTone
83,104.83,212,16,Variable Event,Feeder_Pulse_Time,,8,1,Value,840.0,,0,,0,,0,,0,cog_Mouse Pairwise Initial Touch Training v3_RewardTone
83,104.83,213,7,Pulse Output Event,Feeder #1,,8,1,Duration,0.84,,0,,0,,0,,0,cog_Mouse Pairwise Initial Touch Training v3_RewardTone
83,104.83,214,3,Output On Event,TrayLight #1,,8,0,,0.0,,0,,0,,0,,0,cog_Mouse Pairwise Initial Touch Training v3_RewardTone
83,104.83,215,16,Variable Event,Correct_Counter,,8,1,Value,2.0,,0,,0,,0,,0,cog_Mouse Pairwise Initial Touch Training v3_RewardTone
83,104.83,216,16,Variable Event,Feeder_Pulse_Time,,8,1,Value,280.0,,0,,0,,0,,0,cog_Mouse Pairwise Initial Touch Training v3_RewardTone
83,104.83,217,16,Variable Event,First_Trial,,8,1,Value,0.0,,0,,0,,0,,0,cog_Mouse Pairwise Initial Touch Training v3_RewardTone
83,104.83,218,29,Timer Event,Post_Reward_Tone_Delay_Timer,,8,1,Value,1.013,,0,,0,,0,,0,cog_Mouse Pairwise Initial Touch Training v3_RewardTone
83,104.83,219,29,Timer Event,Post_Reward_Tone_Delay_Timer,,8,1,Value,0.0,,0,,0,,0,,0,cog_Mouse Pairwise Initial Touch Training v3_RewardTone
83,104.83,220,21,Group Change Event,Group Change,,8,1,New Group,2.0,,0,,0,,0,,0,cog_Mouse Pairwise Initial Touch Training v3_RewardTone
83,104.842,221,1,Condition Event,Set Image position,,2,0,,0.0,,0,,0,,0,,0,cog_Mouse Pairwise Initial Touch Training v3_RewardTone
83,104.842,222,16,Variable Event,Correct_Grid_Position,,2,1,Value,1.0,,0,,0,,0,,0,cog_Mouse Pairwise Initial Touch Training v3_RewardTone
83,104.842,223,17,List Change - Set,Grid_Position,,2,2,Index,6.0,Value,2,,0,,0,,0,cog_Mouse Pairwise Initial Touch Training v3_RewardTone
83,104.842,224,21,Group Change Event,Group Change,,2,1,New Group,3.0,,0,,0,,0,,0,cog_Mouse Pairwise Initial Touch Training v3_RewardTone
83,104.843,225,1,Condition Event,Incorrect Right,,3,0,,0.0,,0,,0,,0,,0,cog_Mouse Pairwise Initial Touch Training v3_RewardTone
83,104.843,226,16,Variable Event,Incorrect_Grid_Position,,3,1,Value,2.0,,0,,0,,0,,0,cog_Mouse Pairwise Initial Touch Training v3_RewardTone
83,104.843,227,21,Group Change Event,Group Change,,3,1,New Group,4.0,,0,,0,,0,,0,cog_Mouse Pairwise Initial Touch Training v3_RewardTone
83,104.843,228,1,Condition Event,Start ITI,,4,0,,0.0,,0,,0,,0,,0,cog_Mouse Pairwise Initial Touch Training v3_RewardTone
83,104.843,229,29,Timer Event,ITI_Timer,,4,1,Value,0.0,,0,,0,,0,,0,cog_Mouse Pairwise Initial Touch Training v3_RewardTone
83,104.843,230,21,Group Change Event,Group Change,,4,1,New Group,5.0,,0,,0,,0,,0,cog_Mouse Pairwise Initial Touch Training v3_RewardTone
83,107.849,231,1,Condition Event,Increment Trial Counter,,5,0,,0.0,,0,,0,,0,,0,cog_Mouse Pairwise Initial Touch Training v3_RewardTone
83,107.849,232,16,Variable Event,_Trial_Counter,,5,1,Value,3.0,,0,,0,,0,,0,cog_Mouse Pairwise Initial Touch Training v3_RewardTone
83,107.849,233,21,Group Change Event,Group Change,,5,1,New Group,6.0,,0,,0,,0,,0,cog_Mouse Pairwise Initial Touch Training v3_RewardTone
83,107.849,234,1,Condition Event,Display Image,,6,0,,0.0,,0,,0,,0,,0,cog_Mouse Pairwise Initial Touch Training v3_RewardTone
83,107.849,235,32,Display Image,Bussey Mouse Operant Mode 2 x 1 x low,Training_Images,6,2,Position,1.0,Image 39,38,,0,,0,,0,cog_Mouse Pairwise Initial Touch Training v3_RewardTone
83,107.849,236,4,Output Off Event,TrayLight #1,,6,0,,0.0,,0,,0,,0,,0,cog_Mouse Pairwise Initial Touch Training v3_RewardTone
83,107.849,237,29,Timer Event,Image_Timer,,6,1,Value,0.0,,0,,0,,0,,0,cog_Mouse Pairwise Initial Touch Training v3_RewardTone
83,107.849,238,17,List Change - Set,Training_Images,,6,2,Index,36.0,Image 36,36,,0,,0,,0,cog_Mouse Pairwise Initial Touch Training v3_RewardTone
83,107.849,239,21,Group Change Event,Group Change,,6,1,New Group,7.0,,0,,0,,0,,0,cog_Mouse Pairwise Initial Touch Training v3_RewardTone
83,111.637,240,38,Input Transition On Event,FIRBeam #1,,7,0,,0.0,,0,,0,,0,,0,cog_Mouse Pairwise Initial Touch Training v3_RewardTone
83,112.169,241,39,Input Transition Off Event,FIRBeam #1,,7,0,,0.0,,0,,0,,0,,0,cog_Mouse Pairwise Initial Touch Training v3_RewardTone
83,115.829,242,38,Input Transition On Event,BIRBeam #1,,7,0,,0.0,,0,,0,,0,,0,cog_Mouse Pairwise Initial Touch Training v3_RewardTone
83,116.534,243,38,Input Transition On Event,Tray #1,,7,0,,0.0,,0,,0,,0,,0,cog_Mouse Pairwise Initial Touch Training v3_RewardTone
83,121.064,244,39,Input Transition Off Event,Tray #1,,7,0,,0.0,,0,,0,,0,,0,cog_Mouse Pairwise Initial Touch Training v3_RewardTone
83,122.534,245,38,Input Transition On Event,Tray #1,,7,0,,0.0,,0,,0,,0,,0,cog_Mouse Pairwise Initial Touch Training v3_RewardTone
83,125.447,246,39,Input Transition Off Event,Tray #1,,7,0,,0.0,,0,,0,,0,,0,cog_Mouse Pairwise Initial Touch Training v3_RewardTone
83,131.031,247,39,Input Transition Off Event,BIRBeam #1,,7,0,,0.0,,0,,0,,0,,0,cog_Mouse Pairwise Initial Touch Training v3_RewardTone
83,131.212,248,38,Input Transition On Event,FIRBeam #1,,7,0,,0.0,,0,,0,,0,,0,cog_Mouse Pairwise Initial Touch Training v3_RewardTone
83,134.834,249,39,Input Transition Off Event,FIRBeam #1,,7,0,,0.0,,0,,0,,0,,0,cog_Mouse Pairwise Initial Touch Training v3_RewardTone
83,135.236,250,30,Touch Down Event,Bussey Mouse Operant Mode 2 x 1 x low,,7,4,Position,1.0,Image 39,38,CoordX,66,CoordY,189,,0,cog_Mouse Pairwise Initial Touch Training v3_RewardTone
83,135.236,251,1,Condition Event,Image Touched,,7,0,,0.0,,0,,0,,0,,0,cog_Mouse Pairwise Initial Touch Training v3_RewardTone
83,135.236,252,32,Display Image,Bussey Mouse Operant Mode 2 x 1 x low,Background,7,2,Position,1.0,Image 1,0,,0,,0,,0,cog_Mouse Pairwise Initial Touch Training v3_RewardTone
83,135.236,253,64,Play Audio Tone for Duration,(AUDIO),audio,7,3,correct tone,1.0,Intensity,100,Duration,500,,0,,0,cog_Mouse Pairwise Initial Touch Training v3_RewardTone
83,135.236,254,29,Timer Event,Post_Reward_Tone_Delay_Timer,,7,1,Value,0.0,,0,,0,,0,,0,cog_Mouse Pairwise Initial Touch Training v3_RewardTone
83,135.236,255,21,Group Change Event,Group Change,,7,1,New Group,8.0,,0,,0,,0,,0,cog_Mouse Pairwise Initial Touch Training v3_RewardTone
83,135.888,256,31,Touch Up Event,Bussey Mouse Operant Mode 2 x 1 x low,,8,4,Position,1.0,Image 1,0,CoordX,66,CoordY,119,,0,cog_Mouse Pairwise Initial Touch Training v3_RewardTone
83,136.236,257,1,Condition Event,Post Reward Tone Delay,,8,0,,0.0,,0,,0,,0,,0,cog_Mouse Pairwise Initial Touch Training v3_RewardTone
83,136.236,258,16,Variable Event,Feeder_Pulse_Time,,8,1,Value,840.0,,0,,0,,0,,0,cog_Mouse Pairwise Initial Touch Training v3_RewardTone
83,136.236,259,7,Pulse Output Event,Feeder #1,,8,1,Duration,0.84,,0,,0,,0,,0,cog_Mouse Pairwise Initial Touch Training v3_RewardTone
83,136.236,260,3,Output On Event,TrayLight #1,,8,0,,0.0,,0,,0,,0,,0,cog_Mouse Pairwise Initial Touch Training v3_RewardTone
83,136.236,261,16,Variable Event,Correct_Counter,,8,1,Value,3.0,,0,,0,,0,,0,cog_Mouse Pairwise Initial Touch Training v3_RewardTone
83,136.236,262,16,Variable Event,Feeder_Pulse_Time,,8,1,Value,280.0,,0,,0,,0,,0,cog_Mouse Pairwise Initial Touch Training v3_RewardTone
83,136.236,263,16,Variable Event,First_Trial,,8,1,Value,0.0,,0,,0,,0,,0,cog_Mouse Pairwise Initial Touch Training v3_RewardTone
83,136.236,264,29,Timer Event,Post_Reward_Tone_Delay_Timer,,8,1,Value,1.003,,0,,0,,0,,0,cog_Mouse Pairwise Initial Touch Training v3_RewardTone
83,136.236,265,29,Timer Event,Post_Reward_Tone_Delay_Timer,,8,1,Value,0.0,,0,,0,,0,,0,cog_Mouse Pairwise Initial Touch Training v3_RewardTone
83,136.236,266,21,Group Change Event,Group Change,,8,1,New Group,2.0,,0,,0,,0,,0,cog_Mouse Pairwise Initial Touch Training v3_RewardTone
83,136.239,267,1,Condition Event,Set Image position,,2,0,,0.0,,0,,0,,0,,0,cog_Mouse Pairwise Initial Touch Training v3_RewardTone
83,136.239,268,16,Variable Event,Correct_Grid_Position,,2,1,Value,2.0,,0,,0,,0,,0,cog_Mouse Pairwise Initial Touch Training v3_RewardTone
83,136.239,269,17,List Change - Set,Grid_Position,,2,2,Index,9.0,Value,2,,0,,0,,0,cog_Mouse Pairwise Initial Touch Training v3_RewardTone
83,136.239,270,21,Group Change Event,Group Change,,2,1,New Group,3.0,,0,,0,,0,,0,cog_Mouse Pairwise Initial Touch Training v3_RewardTone
83,136.248,271,1,Condition Event,Incorrect Left,,3,0,,0.0,,0,,0,,0,,0,cog_Mouse Pairwise Initial Touch Training v3_RewardTone
83,136.248,272,16,Variable Event,Incorrect_Grid_Position,,3,1,Value,1.0,,0,,0,,0,,0,cog_Mouse Pairwise Initial Touch Training v3_RewardTone
83,136.248,273,21,Group Change Event,Group Change,,3,1,New Group,4.0,,0,,0,,0,,0,cog_Mouse Pairwise Initial Touch Training v3_RewardTone
83,136.248,274,1,Condition Event,Start ITI,,4,0,,0.0,,0,,0,,0,,0,cog_Mouse Pairwise Initial Touch Training v3_RewardTone
83,136.248,275,29,Timer Event,ITI_Timer,,4,1,Value,0.0,,0,,0,,0,,0,cog_Mouse Pairwise Initial Touch Training v3_RewardTone
83,136.248,276,21,Group Change Event,Group Change,,4,1,New Group,5.0,,0,,0,,0,,0,cog_Mouse Pairwise Initial Touch Training v3_RewardTone
83,136.866,277,38,Input Transition On Event,FIRBeam #1,,5,0,,0.0,,0,,0,,0,,0,cog_Mouse Pairwise Initial Touch Training v3_RewardTone
83,137.324,278,39,Input Transition Off Event,FIRBeam #1,,5,0,,0.0,,0,,0,,0,,0,cog_Mouse Pairwise Initial Touch Training v3_RewardTone
83,137.815,279,38,Input Transition On Event,BIRBeam #1,,5,0,,0.0,,0,,0,,0,,0,cog_Mouse Pairwise Initial Touch Training v3_RewardTone
83,138.713,280,38,Input Transition On Event,Tray #1,,5,0,,0.0,,0,,0,,0,,0,cog_Mouse Pairwise Initial Touch Training v3_RewardTone
83,139.249,281,1,Condition Event,Increment Trial Counter,,5,0,,0.0,,0,,0,,0,,0,cog_Mouse Pairwise Initial Touch Training v3_RewardTone
83,139.249,282,16,Variable Event,_Trial_Counter,,5,1,Value,4.0,,0,,0,,0,,0,cog_Mouse Pairwise Initial Touch Training v3_RewardTone
83,139.249,283,21,Group Change Event,Group Change,,5,1,New Group,6.0,,0,,0,,0,,0,cog_Mouse Pairwise Initial Touch Training v3_RewardTone
83,139.249,284,1,Condition Event,Display Image,,6,0,,0.0,,0,,0,,0,,0,cog_Mouse Pairwise Initial Touch Training v3_RewardTone
83,139.249,285,32,Display Image,Bussey Mouse Operant Mode 2 x 1 x low,Training_Images,6,2,Position,2.0,Image 36,35,,0,,0,,0,cog_Mouse Pairwise Initial Touch Training v3_RewardTone
83,139.249,286,4,Output Off Event,TrayLight #1,,6,0,,0.0,,0,,0,,0,,0,cog_Mouse Pairwise Initial Touch Training v3_RewardTone
83,139.249,287,29,Timer Event,Image_Timer,,6,1,Value,0.0,,0,,0,,0,,0,cog_Mouse Pairwise Initial Touch Training v3_RewardTone
83,139.249,288,17,List Change - Set,Training_Images,,6,2,Index,32.0,Image 32,32,,0,,0,,0,cog_Mouse Pairwise Initial Touch Training v3_RewardTone
83,139.249,289,21,Group Change Event,Group Change,,6,1,New Group,7.0,,0,,0,,0,,0,cog_Mouse Pairwise Initial Touch Training v3_RewardTone
83,142.056,290,39,Input Transition Off Event,Tray #1,,7,0,,0.0,,0,,0,,0,,0,cog_Mouse Pairwise Initial Touch Training v3_RewardTone
83,148.001,291,38,Input Transition On Event,Tray #1,,7,0,,0.0,,0,,0,,0,,0,cog_Mouse Pairwise Initial Touch Training v3_RewardTone
83,149.668,292,39,Input Transition Off Event,Tray #1,,7,0,,0.0,,0,,0,,0,,0,cog_Mouse Pairwise Initial Touch Training v3_RewardTone
83,167.19,293,39,Input Transition Off Event,BIRBeam #1,,7,0,,0.0,,0,,0,,0,,0,cog_Mouse Pairwise Initial Touch Training v3_RewardTone
83,167.976,294,38,Input Transition On Event,FIRBeam #1,,7,0,,0.0,,0,,0,,0,,0,cog_Mouse Pairwise Initial Touch Training v3_RewardTone
83,169.254,295,1,Condition Event,Image display time end,,7,0,,0.0,,0,,0,,0,,0,cog_Mouse Pairwise Initial Touch Training v3_RewardTone
83,169.254,296,32,Display Image,Bussey Mouse Operant Mode 2 x 1 x low,Background,7,2,Position,2.0,Image 1,0,,0,,0,,0,cog_Mouse Pairwise Initial Touch Training v3_RewardTone
83,169.254,297,7,Pulse Output Event,Feeder #1,,7,1,Duration,0.28,,0,,0,,0,,0,cog_Mouse Pairwise Initial Touch Training v3_RewardTone
83,169.254,298,3,Output On Event,TrayLight #1,,7,0,,0.0,,0,,0,,0,,0,cog_Mouse Pairwise Initial Touch Training v3_RewardTone
83,169.254,299,16,Variable Event,First_Trial,,7,1,Value,0.0,,0,,0,,0,,0,cog_Mouse Pairwise Initial Touch Training v3_RewardTone
83,169.254,300,21,Group Change Event,Group Change,,7,1,New Group,8.0,,0,,0,,0,,0,cog_Mouse Pairwise Initial Touch Training v3_RewardTone
83,169.388,301,30,Touch Down Event,Bussey Mouse Operant Mode 2 x 1 x low,,8,4,Position,2.0,Image 1,0,CoordX,191,CoordY,207,,0,cog_Mouse Pairwise Initial Touch Training v3_RewardTone
83,169.491,302,31,Touch Up Event,Bussey Mouse Operant Mode 2 x 1 x low,,8,4,Position,2.0,Image 1,0,CoordX,191,CoordY,207,,0,cog_Mouse Pairwise Initial Touch Training v3_RewardTone
83,173.5,303,39,Input Transition Off Event,FIRBeam #1,,8,0,,0.0,,0,,0,,0,,0,cog_Mouse Pairwise Initial Touch Training v3_RewardTone
83,173.788,304,38,Input Transition On Event,FIRBeam #1,,8,0,,0.0,,0,,0,,0,,0,cog_Mouse Pairwise Initial Touch Training v3_RewardTone
83,175.787,305,39,Input Transition Off Event,FIRBeam #1,,8,0,,0.0,,0,,0,,0,,0,cog_Mouse Pairwise Initial Touch Training v3_RewardTone
83,179.175,306,38,Input Transition On Event,FIRBeam #1,,8,0,,0.0,,0,,0,,0,,0,cog_Mouse Pairwise Initial Touch Training v3_RewardTone
83,180.136,307,39,Input Transition Off Event,FIRBeam #1,,8,0,,0.0,,0,,0,,0,,0,cog_Mouse Pairwise Initial Touch Training v3_RewardTone
83,200.108,308,38,Input Transition On Event,FIRBeam #1,,8,0,,0.0,,0,,0,,0,,0,cog_Mouse Pairwise Initial Touch Training v3_RewardTone
83,201.241,309,39,Input Transition Off Event,FIRBeam #1,,8,0,,0.0,,0,,0,,0,,0,cog_Mouse Pairwise Initial Touch Training v3_RewardTone
83,257.991,310,38,Input Transition On Event,FIRBeam #1,,8,0,,0.0,,0,,0,,0,,0,cog_Mouse Pairwise Initial Touch Training v3_RewardTone
83,259.452,311,39,Input Transition Off Event,FIRBeam #1,,8,0,,0.0,,0,,0,,0,,0,cog_Mouse Pairwise Initial Touch Training v3_RewardTone
83,259.517,312,38,Input Transition On Event,BIRBeam #1,,8,0,,0.0,,0,,0,,0,,0,cog_Mouse Pairwise Initial Touch Training v3_RewardTone
83,289.471,313,39,Input Transition Off Event,BIRBeam #1,,8,0,,0.0,,0,,0,,0,,0,cog_Mouse Pairwise Initial Touch Training v3_RewardTone
83,290.01,314,38,Input Transition On Event,FIRBeam #1,,8,0,,0.0,,0,,0,,0,,0,cog_Mouse Pairwise Initial Touch Training v3_RewardTone
83,291.498,315,39,Input Transition Off Event,FIRBeam #1,,8,0,,0.0,,0,,0,,0,,0,cog_Mouse Pairwise Initial Touch Training v3_RewardTone
83,291.661,316,38,Input Transition On Event,FIRBeam #1,,8,0,,0.0,,0,,0,,0,,0,cog_Mouse Pairwise Initial Touch Training v3_RewardTone
83,291.924,317,39,Input Transition Off Event,FIRBeam #1,,8,0,,0.0,,0,,0,,0,,0,cog_Mouse Pairwise Initial Touch Training v3_RewardTone
83,293.941,318,38,Input Transition On Event,FIRBeam #1,,8,0,,0.0,,0,,0,,0,,0,cog_Mouse Pairwise Initial Touch Training v3_RewardTone
83,294.169,319,39,Input Transition Off Event,FIRBeam #1,,8,0,,0.0,,0,,0,,0,,0,cog_Mouse Pairwise Initial Touch Training v3_RewardTone
83,294.276,320,38,Input Transition On Event,FIRBeam #1,,8,0,,0.0,,0,,0,,0,,0,cog_Mouse Pairwise Initial Touch Training v3_RewardTone
83,294.922,321,39,Input Transition Off Event,FIRBeam #1,,8,0,,0.0,,0,,0,,0,,0,cog_Mouse Pairwise Initial Touch Training v3_RewardTone
83,295.256,322,38,Input Transition On Event,FIRBeam #1,,8,0,,0.0,,0,,0,,0,,0,cog_Mouse Pairwise Initial Touch Training v3_RewardTone
83,295.332,323,39,Input Transition Off Event,FIRBeam #1,,8,0,,0.0,,0,,0,,0,,0,cog_Mouse Pairwise Initial Touch Training v3_RewardTone
83,296.353,324,38,Input Transition On Event,FIRBeam #1,,8,0,,0.0,,0,,0,,0,,0,cog_Mouse Pairwise Initial Touch Training v3_RewardTone
83,296.653,325,39,Input Transition Off Event,FIRBeam #1,,8,0,,0.0,,0,,0,,0,,0,cog_Mouse Pairwise Initial Touch Training v3_RewardTone
83,298.122,326,38,Input Transition On Event,FIRBeam #1,,8,0,,0.0,,0,,0,,0,,0,cog_Mouse Pairwise Initial Touch Training v3_RewardTone
83,298.804,327,39,Input Transition Off Event,FIRBeam #1,,8,0,,0.0,,0,,0,,0,,0,cog_Mouse Pairwise Initial Touch Training v3_RewardTone
83,298.838,328,38,Input Transition On Event,FIRBeam #1,,8,0,,0.0,,0,,0,,0,,0,cog_Mouse Pairwise Initial Touch Training v3_RewardTone
83,298.89,329,39,Input Transition Off Event,FIRBeam #1,,8,0,,0.0,,0,,0,,0,,0,cog_Mouse Pairwise Initial Touch Training v3_RewardTone
83,302.343,330,38,Input Transition On Event,FIRBeam #1,,8,0,,0.0,,0,,0,,0,,0,cog_Mouse Pairwise Initial Touch Training v3_RewardTone
83,302.891,331,39,Input Transition Off Event,FIRBeam #1,,8,0,,0.0,,0,,0,,0,,0,cog_Mouse Pairwise Initial Touch Training v3_RewardTone
83,303.221,332,38,Input Transition On Event,BIRBeam #1,,8,0,,0.0,,0,,0,,0,,0,cog_Mouse Pairwise Initial Touch Training v3_RewardTone
83,320.928,333,38,Input Transition On Event,Tray #1,,8,0,,0.0,,0,,0,,0,,0,cog_Mouse Pairwise Initial Touch Training v3_RewardTone
83,320.928,334,1,Condition Event,Reward Collected Start ITI,,8,0,,0.0,,0,,0,,0,,0,cog_Mouse Pairwise Initial Touch Training v3_RewardTone
83,320.928,335,4,Output Off Event,TrayLight #1,,8,0,,0.0,,0,,0,,0,,0,cog_Mouse Pairwise Initial Touch Training v3_RewardTone
83,320.928,336,21,Group Change Event,Group Change,,8,1,New Group,2.0,,0,,0,,0,,0,cog_Mouse Pairwise Initial Touch Training v3_RewardTone
83,320.939,337,1,Condition Event,Set Image position,,2,0,,0.0,,0,,0,,0,,0,cog_Mouse Pairwise Initial Touch Training v3_RewardTone
83,320.939,338,16,Variable Event,Correct_Grid_Position,,2,1,Value,2.0,,0,,0,,0,,0,cog_Mouse Pairwise Initial Touch Training v3_RewardTone
83,320.939,339,17,List Change - Set,Grid_Position,,2,2,Index,10.0,Value,2,,0,,0,,0,cog_Mouse Pairwise Initial Touch Training v3_RewardTone
83,320.939,340,21,Group Change Event,Group Change,,2,1,New Group,3.0,,0,,0,,0,,0,cog_Mouse Pairwise Initial Touch Training v3_RewardTone
83,320.94,341,1,Condition Event,Incorrect Left,,3,0,,0.0,,0,,0,,0,,0,cog_Mouse Pairwise Initial Touch Training v3_RewardTone
83,320.94,342,16,Variable Event,Incorrect_Grid_Position,,3,1,Value,1.0,,0,,0,,0,,0,cog_Mouse Pairwise Initial Touch Training v3_RewardTone
83,320.94,343,21,Group Change Event,Group Change,,3,1,New Group,4.0,,0,,0,,0,,0,cog_Mouse Pairwise Initial Touch Training v3_RewardTone
83,320.94,344,1,Condition Event,Start ITI,,4,0,,0.0,,0,,0,,0,,0,cog_Mouse Pairwise Initial Touch Training v3_RewardTone
83,320.94,345,29,Timer Event,ITI_Timer,,4,1,Value,0.0,,0,,0,,0,,0,cog_Mouse Pairwise Initial Touch Training v3_RewardTone
83,320.94,346,21,Group Change Event,Group Change,,4,1,New Group,5.0,,0,,0,,0,,0,cog_Mouse Pairwise Initial Touch Training v3_RewardTone
83,321.027,347,39,Input Transition Off Event,Tray #1,,5,0,,0.0,,0,,0,,0,,0,cog_Mouse Pairwise Initial Touch Training v3_RewardTone
83,321.081,348,38,Input Transition On Event,Tray #1,,5,0,,0.0,,0,,0,,0,,0,cog_Mouse Pairwise Initial Touch Training v3_RewardTone
83,322.319,349,39,Input Transition Off Event,Tray #1,,5,0,,0.0,,0,,0,,0,,0,cog_Mouse Pairwise Initial Touch Training v3_RewardTone
83,323.94,350,1,Condition Event,Increment Trial Counter,,5,0,,0.0,,0,,0,,0,,0,cog_Mouse Pairwise Initial Touch Training v3_RewardTone
83,323.94,351,16,Variable Event,_Trial_Counter,,5,1,Value,5.0,,0,,0,,0,,0,cog_Mouse Pairwise Initial Touch Training v3_RewardTone
83,323.94,352,21,Group Change Event,Group Change,,5,1,New Group,6.0,,0,,0,,0,,0,cog_Mouse Pairwise Initial Touch Training v3_RewardTone
83,323.94,353,1,Condition Event,Display Image,,6,0,,0.0,,0,,0,,0,,0,cog_Mouse Pairwise Initial Touch Training v3_RewardTone
83,323.94,354,32,Display Image,Bussey Mouse Operant Mode 2 x 1 x low,Training_Images,6,2,Position,2.0,Image 32,31,,0,,0,,0,cog_Mouse Pairwise Initial Touch Training v3_RewardTone
83,323.94,355,4,Output Off Event,TrayLight #1,,6,0,,0.0,,0,,0,,0,,0,cog_Mouse Pairwise Initial Touch Training v3_RewardTone
83,323.94,356,29,Timer Event,Image_Timer,,6,1,Value,0.0,,0,,0,,0,,0,cog_Mouse Pairwise Initial Touch Training v3_RewardTone
83,323.94,357,17,List Change - Set,Training_Images,,6,2,Index,14.0,Image 14,14,,0,,0,,0,cog_Mouse Pairwise Initial Touch Training v3_RewardTone
83,323.94,358,21,Group Change Event,Group Change,,6,1,New Group,7.0,,0,,0,,0,,0,cog_Mouse Pairwise Initial Touch Training v3_RewardTone
83,329.065,359,38,Input Transition On Event,Tray #1,,7,0,,0.0,,0,,0,,0,,0,cog_Mouse Pairwise Initial Touch Training v3_RewardTone
83,329.147,360,39,Input Transition Off Event,Tray #1,,7,0,,0.0,,0,,0,,0,,0,cog_Mouse Pairwise Initial Touch Training v3_RewardTone
83,330.406,361,39,Input Transition Off Event,BIRBeam #1,,7,0,,0.0,,0,,0,,0,,0,cog_Mouse Pairwise Initial Touch Training v3_RewardTone
83,330.746,362,38,Input Transition On Event,FIRBeam #1,,7,0,,0.0,,0,,0,,0,,0,cog_Mouse Pairwise Initial Touch Training v3_RewardTone
83,332.416,363,30,Touch Down Event,Bussey Mouse Operant Mode 2 x 1 x low,,7,4,Position,2.0,Image 32,31,CoordX,226,CoordY,172,,0,cog_Mouse Pairwise Initial Touch Training v3_RewardTone
83,332.416,364,1,Condition Event,Image Touched,,7,0,,0.0,,0,,0,,0,,0,cog_Mouse Pairwise Initial Touch Training v3_RewardTone
83,332.416,365,32,Display Image,Bussey Mouse Operant Mode 2 x 1 x low,Background,7,2,Position,2.0,Image 1,0,,0,,0,,0,cog_Mouse Pairwise Initial Touch Training v3_RewardTone
83,332.416,366,64,Play Audio Tone for Duration,(AUDIO),audio,7,3,correct tone,1.0,Intensity,100,Duration,500,,0,,0,cog_Mouse Pairwise Initial Touch Training v3_RewardTone
83,332.416,367,29,Timer Event,Post_Reward_Tone_Delay_Timer,,7,1,Value,0.0,,0,,0,,0,,0,cog_Mouse Pairwise Initial Touch Training v3_RewardTone
83,332.416,368,21,Group Change Event,Group Change,,7,1,New Group,8.0,,0,,0,,0,,0,cog_Mouse Pairwise Initial Touch Training v3_RewardTone
83,332.632,369,31,Touch Up Event,Bussey Mouse Operant Mode 2 x 1 x low,,8,4,Position,2.0,Image 1,0,CoordX,226,CoordY,190,,0,cog_Mouse Pairwise Initial Touch Training v3_RewardTone
83,333.03,370,39,Input Transition Off Event,FIRBeam #1,,8,0,,0.0,,0,,0,,0,,0,cog_Mouse Pairwise Initial Touch Training v3_RewardTone
83,333.063,371,38,Input Transition On Event,FIRBeam #1,,8,0,,0.0,,0,,0,,0,,0,cog_Mouse Pairwise Initial Touch Training v3_RewardTone
83,333.08,372,39,Input Transition Off Event,FIRBeam #1,,8,0,,0.0,,0,,0,,0,,0,cog_Mouse Pairwise Initial Touch Training v3_RewardTone
83,333.416,373,1,Condition Event,Post Reward Tone Delay,,8,0,,0.0,,0,,0,,0,,0,cog_Mouse Pairwise Initial Touch Training v3_RewardTone
83,333.416,374,16,Variable Event,Feeder_Pulse_Time,,8,1,Value,840.0,,0,,0,,0,,0,cog_Mouse Pairwise Initial Touch Training v3_RewardTone
83,333.416,375,7,Pulse Output Event,Feeder #1,,8,1,Duration,0.84,,0,,0,,0,,0,cog_Mouse Pairwise Initial Touch Training v3_RewardTone
83,333.416,376,3,Output On Event,TrayLight #1,,8,0,,0.0,,0,,0,,0,,0,cog_Mouse Pairwise Initial Touch Training v3_RewardTone
83,333.416,377,16,Variable Event,Correct_Counter,,8,1,Value,4.0,,0,,0,,0,,0,cog_Mouse Pairwise Initial Touch Training v3_RewardTone
83,333.416,378,16,Variable Event,Feeder_Pulse_Time,,8,1,Value,280.0,,0,,0,,0,,0,cog_Mouse Pairwise Initial Touch Training v3_RewardTone
83,333.416,379,16,Variable Event,First_Trial,,8,1,Value,0.0,,0,,0,,0,,0,cog_Mouse Pairwise Initial Touch Training v3_RewardTone
83,333.416,380,29,Timer Event,Post_Reward_Tone_Delay_Timer,,8,1,Value,1.001,,0,,0,,0,,0,cog_Mouse Pairwise Initial Touch Training v3_RewardTone
83,333.416,381,29,Timer Event,Post_Reward_Tone_Delay_Timer,,8,1,Value,0.0,,0,,0,,0,,0,cog_Mouse Pairwise Initial Touch Training v3_RewardTone
83,333.416,382,21,Group Change Event,Group Change,,8,1,New Group,2.0,,0,,0,,0,,0,cog_Mouse Pairwise Initial Touch Training v3_RewardTone
83,333.417,383,1,Condition Event,Set Image position,,2,0,,0.0,,0,,0,,0,,0,cog_Mouse Pairwise Initial Touch Training v3_RewardTone
83,333.417,384,16,Variable Event,Correct_Grid_Position,,2,1,Value,2.0,,0,,0,,0,,0,cog_Mouse Pairwise Initial Touch Training v3_RewardTone
83,333.417,385,17,List Change - Set,Grid_Position,,2,2,Index,1.0,Value,1,,0,,0,,0,cog_Mouse Pairwise Initial Touch Training v3_RewardTone
83,333.417,386,21,Group Change Event,Group Change,,2,1,New Group,3.0,,0,,0,,0,,0,cog_Mouse Pairwise Initial Touch Training v3_RewardTone
83,333.417,387,1,Condition Event,Incorrect Left,,3,0,,0.0,,0,,0,,0,,0,cog_Mouse Pairwise Initial Touch Training v3_RewardTone
83,333.417,388,16,Variable Event,Incorrect_Grid_Position,,3,1,Value,1.0,,0,,0,,0,,0,cog_Mouse Pairwise Initial Touch Training v3_RewardTone
83,333.417,389,21,Group Change Event,Group Change,,3,1,New Group,4.0,,0,,0,,0,,0,cog_Mouse Pairwise Initial Touch Training v3_RewardTone
83,333.417,390,1,Condition Event,Start ITI,,4,0,,0.0,,0,,0,,0,,0,cog_Mouse Pairwise Initial Touch Training v3_RewardTone
83,333.417,391,29,Timer Event,ITI_Timer,,4,1,Value,0.0,,0,,0,,0,,0,cog_Mouse Pairwise Initial Touch Training v3_RewardTone
83,333.417,392,21,Group Change Event,Group Change,,4,1,New Group,5.0,,0,,0,,0,,0,cog_Mouse Pairwise Initial Touch Training v3_RewardTone
83,336.418,393,1,Condition Event,Increment Trial Counter,,5,0,,0.0,,0,,0,,0,,0,cog_Mouse Pairwise Initial Touch Training v3_RewardTone
83,336.418,394,16,Variable Event,_Trial_Counter,,5,1,Value,6.0,,0,,0,,0,,0,cog_Mouse Pairwise Initial Touch Training v3_RewardTone
83,336.418,395,21,Group Change Event,Group Change,,5,1,New Group,6.0,,0,,0,,0,,0,cog_Mouse Pairwise Initial Touch Training v3_RewardTone
83,336.418,396,1,Condition Event,Display Image,,6,0,,0.0,,0,,0,,0,,0,cog_Mouse Pairwise Initial Touch Training v3_RewardTone
83,336.418,397,32,Display Image,Bussey Mouse Operant Mode 2 x 1 x low,Training_Images,6,2,Position,2.0,Image 14,13,,0,,0,,0,cog_Mouse Pairwise Initial Touch Training v3_RewardTone
83,336.418,398,4,Output Off Event,TrayLight #1,,6,0,,0.0,,0,,0,,0,,0,cog_Mouse Pairwise Initial Touch Training v3_RewardTone
83,336.418,399,29,Timer Event,Image_Timer,,6,1,Value,0.0,,0,,0,,0,,0,cog_Mouse Pairwise Initial Touch Training v3_RewardTone
83,336.418,400,17,List Change - Set,Training_Images,,6,2,Index,2.0,Image 2,2,,0,,0,,0,cog_Mouse Pairwise Initial Touch Training v3_RewardTone
83,336.418,401,21,Group Change Event,Group Change,,6,1,New Group,7.0,,0,,0,,0,,0,cog_Mouse Pairwise Initial Touch Training v3_RewardTone
83,338.451,402,38,Input Transition On Event,FIRBeam #1,,7,0,,0.0,,0,,0,,0,,0,cog_Mouse Pairwise Initial Touch Training v3_RewardTone
83,338.68,403,39,Input Transition Off Event,FIRBeam #1,,7,0,,0.0,,0,,0,,0,,0,cog_Mouse Pairwise Initial Touch Training v3_RewardTone
83,360.435,404,30,Touch Down Event,Bussey Mouse Operant Mode 2 x 1 x low,,7,4,Position,1.0,Image 1,0,CoordX,205,CoordY,189,,0,cog_Mouse Pairwise Initial Touch Training v3_RewardTone
83,360.435,405,1,Condition Event,Blank Image Touched,,7,0,,0.0,,0,,0,,0,,0,cog_Mouse Pairwise Initial Touch Training v3_RewardTone
83,360.435,406,16,Variable Event,Blank_Touch_Counter,,7,1,Value,2.0,,0,,0,,0,,0,cog_Mouse Pairwise Initial Touch Training v3_RewardTone
83,360.435,407,61,Group Maintain Event,Group Change,,7,1,New Group,7.0,,0,,0,,0,,0,cog_Mouse Pairwise Initial Touch Training v3_RewardTone
83,360.532,408,31,Touch Up Event,Bussey Mouse Operant Mode 2 x 1 x low,,7,4,Position,1.0,Image 1,0,CoordX,205,CoordY,189,,0,cog_Mouse Pairwise Initial Touch Training v3_RewardTone
83,361.111,409,30,Touch Down Event,Bussey Mouse Operant Mode 2 x 1 x low,,7,4,Position,1.0,Image 1,0,CoordX,234,CoordY,154,,0,cog_Mouse Pairwise Initial Touch Training v3_RewardTone
83,361.111,410,1,Condition Event,Blank Image Touched,,7,0,,0.0,,0,,0,,0,,0,cog_Mouse Pairwise Initial Touch Training v3_RewardTone
83,361.111,411,16,Variable Event,Blank_Touch_Counter,,7,1,Value,3.0,,0,,0,,0,,0,cog_Mouse Pairwise Initial Touch Training v3_RewardTone
83,361.111,412,61,Group Maintain Event,Group Change,,7,1,New Group,7.0,,0,,0,,0,,0,cog_Mouse Pairwise Initial Touch Training v3_RewardTone
83,361.268,413,31,Touch Up Event,Bussey Mouse Operant Mode 2 x 1 x low,,7,4,Position,1.0,Image 1,0,CoordX,234,CoordY,154,,0,cog_Mouse Pairwise Initial Touch Training v3_RewardTone
83,361.358,414,30,Touch Down Event,Bussey Mouse Operant Mode 2 x 1 x low,,7,4,Position,1.0,Image 1,0,CoordX,223,CoordY,136,,0,cog_Mouse Pairwise Initial Touch Training v3_RewardTone
83,361.358,415,1,Condition Event,Blank Image Touched,,7,0,,0.0,,0,,0,,0,,0,cog_Mouse Pairwise Initial Touch Training v3_RewardTone
83,361.358,416,16,Variable Event,Blank_Touch_Counter,,7,1,Value,4.0,,0,,0,,0,,0,cog_Mouse Pairwise Initial Touch Training v3_RewardTone
83,361.358,417,61,Group Maintain Event,Group Change,,7,1,New Group,7.0,,0,,0,,0,,0,cog_Mouse Pairwise Initial Touch Training v3_RewardTone
83,361.489,418,31,Touch Up Event,Bussey Mouse Operant Mode 2 x 1 x low,,7,4,Position,1.0,Image 1,0,CoordX,223,CoordY,136,,0,cog_Mouse Pairwise Initial Touch Training v3_RewardTone
83,364.186,419,38,Input Transition On Event,FIRBeam #1,,7,0,,0.0,,0,,0,,0,,0,cog_Mouse Pairwise Initial Touch Training v3_RewardTone
83,364.541,420,39,Input Transition Off Event,FIRBeam #1,,7,0,,0.0,,0,,0,,0,,0,cog_Mouse Pairwise Initial Touch Training v3_RewardTone
83,365.934,421,38,Input Transition On Event,FIRBeam #1,,7,0,,0.0,,0,,0,,0,,0,cog_Mouse Pairwise Initial Touch Training v3_RewardTone
83,365.962,422,39,Input Transition Off Event,FIRBeam #1,,7,0,,0.0,,0,,0,,0,,0,cog_Mouse Pairwise Initial Touch Training v3_RewardTone
83,365.992,423,38,Input Transition On Event,FIRBeam #1,,7,0,,0.0,,0,,0,,0,,0,cog_Mouse Pairwise Initial Touch Training v3_RewardTone
83,366.419,424,1,Condition Event,Image display time end,,7,0,,0.0,,0,,0,,0,,0,cog_Mouse Pairwise Initial Touch Training v3_RewardTone
83,366.419,425,32,Display Image,Bussey Mouse Operant Mode 2 x 1 x low,Background,7,2,Position,2.0,Image 1,0,,0,,0,,0,cog_Mouse Pairwise Initial Touch Training v3_RewardTone
83,366.419,426,7,Pulse Output Event,Feeder #1,,7,1,Duration,0.28,,0,,0,,0,,0,cog_Mouse Pairwise Initial Touch Training v3_RewardTone
83,366.419,427,3,Output On Event,TrayLight #1,,7,0,,0.0,,0,,0,,0,,0,cog_Mouse Pairwise Initial Touch Training v3_RewardTone
83,366.419,428,16,Variable Event,First_Trial,,7,1,Value,0.0,,0,,0,,0,,0,cog_Mouse Pairwise Initial Touch Training v3_RewardTone
83,366.419,429,21,Group Change Event,Group Change,,7,1,New Group,8.0,,0,,0,,0,,0,cog_Mouse Pairwise Initial Touch Training v3_RewardTone
83,366.5,430,39,Input Transition Off Event,FIRBeam #1,,8,0,,0.0,,0,,0,,0,,0,cog_Mouse Pairwise Initial Touch Training v3_RewardTone
83,388.162,431,38,Input Transition On Event,FIRBeam #1,,8,0,,0.0,,0,,0,,0,,0,cog_Mouse Pairwise Initial Touch Training v3_RewardTone
83,388.23,432,39,Input Transition Off Event,FIRBeam #1,,8,0,,0.0,,0,,0,,0,,0,cog_Mouse Pairwise Initial Touch Training v3_RewardTone
83,388.852,433,38,Input Transition On Event,FIRBeam #1,,8,0,,0.0,,0,,0,,0,,0,cog_Mouse Pairwise Initial Touch Training v3_RewardTone
83,389.902,434,39,Input Transition Off Event,FIRBeam #1,,8,0,,0.0,,0,,0,,0,,0,cog_Mouse Pairwise Initial Touch Training v3_RewardTone
83,395.715,435,38,Input Transition On Event,FIRBeam #1,,8,0,,0.0,,0,,0,,0,,0,cog_Mouse Pairwise Initial Touch Training v3_RewardTone
83,397.653,436,39,Input Transition Off Event,FIRBeam #1,,8,0,,0.0,,0,,0,,0,,0,cog_Mouse Pairwise Initial Touch Training v3_RewardTone
83,399.687,437,38,Input Transition On Event,FIRBeam #1,,8,0,,0.0,,0,,0,,0,,0,cog_Mouse Pairwise Initial Touch Training v3_RewardTone
83,400.243,438,39,Input Transition Off Event,FIRBeam #1,,8,0,,0.0,,0,,0,,0,,0,cog_Mouse Pairwise Initial Touch Training v3_RewardTone
83,400.475,439,38,Input Transition On Event,BIRBeam #1,,8,0,,0.0,,0,,0,,0,,0,cog_Mouse Pairwise Initial Touch Training v3_RewardTone
83,406.26,440,38,Input Transition On Event,Tray #1,,8,0,,0.0,,0,,0,,0,,0,cog_Mouse Pairwise Initial Touch Training v3_RewardTone
83,406.26,441,1,Condition Event,Reward Collected Start ITI,,8,0,,0.0,,0,,0,,0,,0,cog_Mouse Pairwise Initial Touch Training v3_RewardTone
83,406.26,442,4,Output Off Event,TrayLight #1,,8,0,,0.0,,0,,0,,0,,0,cog_Mouse Pairwise Initial Touch Training v3_RewardTone
83,406.26,443,21,Group Change Event,Group Change,,8,1,New Group,2.0,,0,,0,,0,,0,cog_Mouse Pairwise Initial Touch Training v3_RewardTone
83,406.261,444,1,Condition Event,Set Image position,,2,0,,0.0,,0,,0,,0,,0,cog_Mouse Pairwise Initial Touch Training v3_RewardTone
83,406.261,445,16,Variable Event,Correct_Grid_Position,,2,1,Value,1.0,,0,,0,,0,,0,cog_Mouse Pairwise Initial Touch Training v3_RewardTone
83,406.261,446,17,List Change - Set,Grid_Position,,2,2,Index,5.0,Value,1,,0,,0,,0,cog_Mouse Pairwise Initial Touch Training v3_RewardTone
83,406.261,447,21,Group Change Event,Group Change,,2,1,New Group,3.0,,0,,0,,0,,0,cog_Mouse Pairwise Initial Touch Training v3_RewardTone
83,406.261,448,1,Condition Event,Incorrect Right,,3,0,,0.0,,0,,0,,0,,0,cog_Mouse Pairwise Initial Touch Training v3_RewardTone
83,406.261,449,16,Variable Event,Incorrect_Grid_Position,,3,1,Value,2.0,,0,,0,,0,,0,cog_Mouse Pairwise Initial Touch Training v3_RewardTone
83,406.261,450,21,Group Change Event,Group Change,,3,1,New Group,4.0,,0,,0,,0,,0,cog_Mouse Pairwise Initial Touch Training v3_RewardTone
83,406.261,451,1,Condition Event,Start ITI,,4,0,,0.0,,0,,0,,0,,0,cog_Mouse Pairwise Initial Touch Training v3_RewardTone
83,406.261,452,29,Timer Event,ITI_Timer,,4,1,Value,0.0,,0,,0,,0,,0,cog_Mouse Pairwise Initial Touch Training v3_RewardTone
83,406.261,453,21,Group Change Event,Group Change,,4,1,New Group,5.0,,0,,0,,0,,0,cog_Mouse Pairwise Initial Touch Training v3_RewardTone
83,407.368,454,39,Input Transition Off Event,Tray #1,,5,0,,0.0,,0,,0,,0,,0,cog_Mouse Pairwise Initial Touch Training v3_RewardTone
83,409.265,455,1,Condition Event,Increment Trial Counter,,5,0,,0.0,,0,,0,,0,,0,cog_Mouse Pairwise Initial Touch Training v3_RewardTone
83,409.265,456,16,Variable Event,_Trial_Counter,,5,1,Value,7.0,,0,,0,,0,,0,cog_Mouse Pairwise Initial Touch Training v3_RewardTone
83,409.265,457,21,Group Change Event,Group Change,,5,1,New Group,6.0,,0,,0,,0,,0,cog_Mouse Pairwise Initial Touch Training v3_RewardTone
83,409.266,458,1,Condition Event,Display Image,,6,0,,0.0,,0,,0,,0,,0,cog_Mouse Pairwise Initial Touch Training v3_RewardTone
83,409.266,459,32,Display Image,Bussey Mouse Operant Mode 2 x 1 x low,Training_Images,6,2,Position,1.0,Image 2,1,,0,,0,,0,cog_Mouse Pairwise Initial Touch Training v3_RewardTone
83,409.266,460,4,Output Off Event,TrayLight #1,,6,0,,0.0,,0,,0,,0,,0,cog_Mouse Pairwise Initial Touch Training v3_RewardTone
83,409.266,461,29,Timer Event,Image_Timer,,6,1,Value,0.0,,0,,0,,0,,0,cog_Mouse Pairwise Initial Touch Training v3_RewardTone
83,409.266,462,17,List Change - Set,Training_Images,,6,2,Index,8.0,Image 8,8,,0,,0,,0,cog_Mouse Pairwise Initial Touch Training v3_RewardTone
83,409.266,463,21,Group Change Event,Group Change,,6,1,New Group,7.0,,0,,0,,0,,0,cog_Mouse Pairwise Initial Touch Training v3_RewardTone
83,418.969,464,39,Input Transition Off Event,BIRBeam #1,,7,0,,0.0,,0,,0,,0,,0,cog_Mouse Pairwise Initial Touch Training v3_RewardTone
83,420.013,465,38,Input Transition On Event,FIRBeam #1,,7,0,,0.0,,0,,0,,0,,0,cog_Mouse Pairwise Initial Touch Training v3_RewardTone
83,424.874,466,39,Input Transition Off Event,FIRBeam #1,,7,0,,0.0,,0,,0,,0,,0,cog_Mouse Pairwise Initial Touch Training v3_RewardTone
83,425.235,467,30,Touch Down Event,Bussey Mouse Operant Mode 2 x 1 x low,,7,4,Position,1.0,Image 2,1,CoordX,31,CoordY,154,,0,cog_Mouse Pairwise Initial Touch Training v3_RewardTone
83,425.235,468,1,Condition Event,Image Touched,,7,0,,0.0,,0,,0,,0,,0,cog_Mouse Pairwise Initial Touch Training v3_RewardTone
83,425.235,469,32,Display Image,Bussey Mouse Operant Mode 2 x 1 x low,Background,7,2,Position,1.0,Image 1,0,,0,,0,,0,cog_Mouse Pairwise Initial Touch Training v3_RewardTone
83,425.235,470,64,Play Audio Tone for Duration,(AUDIO),audio,7,3,correct tone,1.0,Intensity,100,Duration,500,,0,,0,cog_Mouse Pairwise Initial Touch Training v3_RewardTone
83,425.235,471,29,Timer Event,Post_Reward_Tone_Delay_Timer,,7,1,Value,0.0,,0,,0,,0,,0,cog_Mouse Pairwise Initial Touch Training v3_RewardTone
83,425.235,472,21,Group Change Event,Group Change,,7,1,New Group,8.0,,0,,0,,0,,0,cog_Mouse Pairwise Initial Touch Training v3_RewardTone
83,425.352,473,31,Touch Up Event,Bussey Mouse Operant Mode 2 x 1 x low,,8,4,Position,1.0,Image 1,0,CoordX,31,CoordY,154,,0,cog_Mouse Pairwise Initial Touch Training v3_RewardTone
83,426.235,474,1,Condition Event,Post Reward Tone Delay,,8,0,,0.0,,0,,0,,0,,0,cog_Mouse Pairwise Initial Touch Training v3_RewardTone
83,426.235,475,16,Variable Event,Feeder_Pulse_Time,,8,1,Value,840.0,,0,,0,,0,,0,cog_Mouse Pairwise Initial Touch Training v3_RewardTone
83,426.235,476,7,Pulse Output Event,Feeder #1,,8,1,Duration,0.84,,0,,0,,0,,0,cog_Mouse Pairwise Initial Touch Training v3_RewardTone
83,426.235,477,3,Output On Event,TrayLight #1,,8,0,,0.0,,0,,0,,0,,0,cog_Mouse Pairwise Initial Touch Training v3_RewardTone
83,426.235,478,16,Variable Event,Correct_Counter,,8,1,Value,5.0,,0,,0,,0,,0,cog_Mouse Pairwise Initial Touch Training v3_RewardTone
83,426.235,479,16,Variable Event,Feeder_Pulse_Time,,8,1,Value,280.0,,0,,0,,0,,0,cog_Mouse Pairwise Initial Touch Training v3_RewardTone
83,426.235,480,16,Variable Event,First_Trial,,8,1,Value,0.0,,0,,0,,0,,0,cog_Mouse Pairwise Initial Touch Training v3_RewardTone
83,426.235,481,29,Timer Event,Post_Reward_Tone_Delay_Timer,,8,1,Value,1.001,,0,,0,,0,,0,cog_Mouse Pairwise Initial Touch Training v3_RewardTone
83,426.235,482,29,Timer Event,Post_Reward_Tone_Delay_Timer,,8,1,Value,0.0,,0,,0,,0,,0,cog_Mouse Pairwise Initial Touch Training v3_RewardTone
83,426.235,483,21,Group Change Event,Group Change,,8,1,New Group,2.0,,0,,0,,0,,0,cog_Mouse Pairwise Initial Touch Training v3_RewardTone
83,426.237,484,1,Condition Event,Set Image position,,2,0,,0.0,,0,,0,,0,,0,cog_Mouse Pairwise Initial Touch Training v3_RewardTone
83,426.237,485,16,Variable Event,Correct_Grid_Position,,2,1,Value,1.0,,0,,0,,0,,0,cog_Mouse Pairwise Initial Touch Training v3_RewardTone
83,426.237,486,17,List Change - Set,Grid_Position,,2,2,Index,2.0,Value,1,,0,,0,,0,cog_Mouse Pairwise Initial Touch Training v3_RewardTone
83,426.237,487,21,Group Change Event,Group Change,,2,1,New Group,3.0,,0,,0,,0,,0,cog_Mouse Pairwise Initial Touch Training v3_RewardTone
83,426.237,488,1,Condition Event,Incorrect Right,,3,0,,0.0,,0,,0,,0,,0,cog_Mouse Pairwise Initial Touch Training v3_RewardTone
83,426.237,489,16,Variable Event,Incorrect_Grid_Position,,3,1,Value,2.0,,0,,0,,0,,0,cog_Mouse Pairwise Initial Touch Training v3_RewardTone
83,426.237,490,21,Group Change Event,Group Change,,3,1,New Group,4.0,,0,,0,,0,,0,cog_Mouse Pairwise Initial Touch Training v3_RewardTone
83,426.237,491,1,Condition Event,Start ITI,,4,0,,0.0,,0,,0,,0,,0,cog_Mouse Pairwise Initial Touch Training v3_RewardTone
83,426.237,492,29,Timer Event,ITI_Timer,,4,1,Value,0.0,,0,,0,,0,,0,cog_Mouse Pairwise Initial Touch Training v3_RewardTone
83,426.237,493,21,Group Change Event,Group Change,,4,1,New Group,5.0,,0,,0,,0,,0,cog_Mouse Pairwise Initial Touch Training v3_RewardTone
83,429.237,494,1,Condition Event,Increment Trial Counter,,5,0,,0.0,,0,,0,,0,,0,cog_Mouse Pairwise Initial Touch Training v3_RewardTone
83,429.237,495,16,Variable Event,_Trial_Counter,,5,1,Value,8.0,,0,,0,,0,,0,cog_Mouse Pairwise Initial Touch Training v3_RewardTone
83,429.237,496,21,Group Change Event,Group Change,,5,1,New Group,6.0,,0,,0,,0,,0,cog_Mouse Pairwise Initial Touch Training v3_RewardTone
83,429.237,497,1,Condition Event,Display Image,,6,0,,0.0,,0,,0,,0,,0,cog_Mouse Pairwise Initial Touch Training v3_RewardTone
83,429.237,498,32,Display Image,Bussey Mouse Operant Mode 2 x 1 x low,Training_Images,6,2,Position,1.0,Image 8,7,,0,,0,,0,cog_Mouse Pairwise Initial Touch Training v3_RewardTone
83,429.237,499,4,Output Off Event,TrayLight #1,,6,0,,0.0,,0,,0,,0,,0,cog_Mouse Pairwise Initial Touch Training v3_RewardTone
83,429.237,500,29,Timer Event,Image_Timer,,6,1,Value,0.0,,0,,0,,0,,0,cog_Mouse Pairwise Initial Touch Training v3_RewardTone
83,429.237,501,17,List Change - Set,Training_Images,,6,2,Index,12.0,Image 12,12,,0,,0,,0,cog_Mouse Pairwise Initial Touch Training v3_RewardTone
83,429.237,502,21,Group Change Event,Group Change,,6,1,New Group,7.0,,0,,0,,0,,0,cog_Mouse Pairwise Initial Touch Training v3_RewardTone
83,431.353,503,38,Input Transition On Event,FIRBeam #1,,7,0,,0.0,,0,,0,,0,,0,cog_Mouse Pairwise Initial Touch Training v3_RewardTone
83,436.593,504,39,Input Transition Off Event,FIRBeam #1,,7,0,,0.0,,0,,0,,0,,0,cog_Mouse Pairwise Initial Touch Training v3_RewardTone
83,436.659,505,38,Input Transition On Event,FIRBeam #1,,7,0,,0.0,,0,,0,,0,,0,cog_Mouse Pairwise Initial Touch Training v3_RewardTone
83,436.675,506,39,Input Transition Off Event,FIRBeam #1,,7,0,,0.0,,0,,0,,0,,0,cog_Mouse Pairwise Initial Touch Training v3_RewardTone
83,438.841,507,38,Input Transition On Event,FIRBeam #1,,7,0,,0.0,,0,,0,,0,,0,cog_Mouse Pairwise Initial Touch Training v3_RewardTone
83,441.51,508,39,Input Transition Off Event,FIRBeam #1,,7,0,,0.0,,0,,0,,0,,0,cog_Mouse Pairwise Initial Touch Training v3_RewardTone
83,442.593,509,38,Input Transition On Event,BIRBeam #1,,7,0,,0.0,,0,,0,,0,,0,cog_Mouse Pairwise Initial Touch Training v3_RewardTone
83,459.238,510,1,Condition Event,Image display time end,,7,0,,0.0,,0,,0,,0,,0,cog_Mouse Pairwise Initial Touch Training v3_RewardTone
83,459.238,511,32,Display Image,Bussey Mouse Operant Mode 2 x 1 x low,Background,7,2,Position,1.0,Image 1,0,,0,,0,,0,cog_Mouse Pairwise Initial Touch Training v3_RewardTone
83,459.238,512,7,Pulse Output Event,Feeder #1,,7,1,Duration,0.28,,0,,0,,0,,0,cog_Mouse Pairwise Initial Touch Training v3_RewardTone
83,459.238,513,3,Output On Event,TrayLight #1,,7,0,,0.0,,0,,0,,0,,0,cog_Mouse Pairwise Initial Touch Training v3_RewardTone
83,459.238,514,16,Variable Event,First_Trial,,7,1,Value,0.0,,0,,0,,0,,0,cog_Mouse Pairwise Initial Touch Training v3_RewardTone
83,459.238,515,21,Group Change Event,Group Change,,7,1,New Group,8.0,,0,,0,,0,,0,cog_Mouse Pairwise Initial Touch Training v3_RewardTone
83,459.511,516,38,Input Transition On Event,Tray #1,,8,0,,0.0,,0,,0,,0,,0,cog_Mouse Pairwise Initial Touch Training v3_RewardTone
83,459.511,517,1,Condition Event,Reward Collected Start ITI,,8,0,,0.0,,0,,0,,0,,0,cog_Mouse Pairwise Initial Touch Training v3_RewardTone
83,459.511,518,4,Output Off Event,TrayLight #1,,8,0,,0.0,,0,,0,,0,,0,cog_Mouse Pairwise Initial Touch Training v3_RewardTone
83,459.511,519,21,Group Change Event,Group Change,,8,1,New Group,2.0,,0,,0,,0,,0,cog_Mouse Pairwise Initial Touch Training v3_RewardTone
83,459.523,520,1,Condition Event,Set Image position,,2,0,,0.0,,0,,0,,0,,0,cog_Mouse Pairwise Initial Touch Training v3_RewardTone
83,459.523,521,16,Variable Event,Correct_Grid_Position,,2,1,Value,1.0,,0,,0,,0,,0,cog_Mouse Pairwise Initial Touch Training v3_RewardTone
83,459.523,522,17,List Change - Set,Grid_Position,,2,2,Index,1.0,Value,1,,0,,0,,0,cog_Mouse Pairwise Initial Touch Training v3_RewardTone
83,459.523,523,21,Group Change Event,Group Change,,2,1,New Group,3.0,,0,,0,,0,,0,cog_Mouse Pairwise Initial Touch Training v3_RewardTone
83,459.523,524,1,Condition Event,Incorrect Right,,3,0,,0.0,,0,,0,,0,,0,cog_Mouse Pairwise Initial Touch Training v3_RewardTone
83,459.523,525,16,Variable Event,Incorrect_Grid_Position,,3,1,Value,2.0,,0,,0,,0,,0,cog_Mouse Pairwise Initial Touch Training v3_RewardTone
83,459.523,526,21,Group Change Event,Group Change,,3,1,New Group,4.0,,0,,0,,0,,0,cog_Mouse Pairwise Initial Touch Training v3_RewardTone
83,459.523,527,1,Condition Event,Start ITI,,4,0,,0.0,,0,,0,,0,,0,cog_Mouse Pairwise Initial Touch Training v3_RewardTone
83,459.523,528,29,Timer Event,ITI_Timer,,4,1,Value,0.0,,0,,0,,0,,0,cog_Mouse Pairwise Initial Touch Training v3_RewardTone
83,459.523,529,21,Group Change Event,Group Change,,4,1,New Group,5.0,,0,,0,,0,,0,cog_Mouse Pairwise Initial Touch Training v3_RewardTone
83,459.767,530,39,Input Transition Off Event,Tray #1,,5,0,,0.0,,0,,0,,0,,0,cog_Mouse Pairwise Initial Touch Training v3_RewardTone
83,462.531,531,1,Condition Event,Increment Trial Counter,,5,0,,0.0,,0,,0,,0,,0,cog_Mouse Pairwise Initial Touch Training v3_RewardTone
83,462.531,532,16,Variable Event,_Trial_Counter,,5,1,Value,9.0,,0,,0,,0,,0,cog_Mouse Pairwise Initial Touch Training v3_RewardTone
83,462.531,533,21,Group Change Event,Group Change,,5,1,New Group,6.0,,0,,0,,0,,0,cog_Mouse Pairwise Initial Touch Training v3_RewardTone
83,462.531,534,1,Condition Event,Display Image,,6,0,,0.0,,0,,0,,0,,0,cog_Mouse Pairwise Initial Touch Training v3_RewardTone
83,462.531,535,32,Display Image,Bussey Mouse Operant Mode 2 x 1 x low,Training_Images,6,2,Position,1.0,Image 12,11,,0,,0,,0,cog_Mouse Pairwise Initial Touch Training v3_RewardTone
83,462.531,536,4,Output Off Event,TrayLight #1,,6,0,,0.0,,0,,0,,0,,0,cog_Mouse Pairwise Initial Touch Training v3_RewardTone
83,462.531,537,29,Timer Event,Image_Timer,,6,1,Value,0.0,,0,,0,,0,,0,cog_Mouse Pairwise Initial Touch Training v3_RewardTone
83,462.531,538,17,List Change - Set,Training_Images,,6,2,Index,29.0,Image 29,29,,0,,0,,0,cog_Mouse Pairwise Initial Touch Training v3_RewardTone
83,462.531,539,21,Group Change Event,Group Change,,6,1,New Group,7.0,,0,,0,,0,,0,cog_Mouse Pairwise Initial Touch Training v3_RewardTone
83,467.379,540,39,Input Transition Off Event,BIRBeam #1,,7,0,,0.0,,0,,0,,0,,0,cog_Mouse Pairwise Initial Touch Training v3_RewardTone
83,467.682,541,38,Input Transition On Event,FIRBeam #1,,7,0,,0.0,,0,,0,,0,,0,cog_Mouse Pairwise Initial Touch Training v3_RewardTone
83,471.373,542,39,Input Transition Off Event,FIRBeam #1,,7,0,,0.0,,0,,0,,0,,0,cog_Mouse Pairwise Initial Touch Training v3_RewardTone
83,492.538,543,1,Condition Event,Image display time end,,7,0,,0.0,,0,,0,,0,,0,cog_Mouse Pairwise Initial Touch Training v3_RewardTone
83,492.538,544,32,Display Image,Bussey Mouse Operant Mode 2 x 1 x low,Background,7,2,Position,1.0,Image 1,0,,0,,0,,0,cog_Mouse Pairwise Initial Touch Training v3_RewardTone
83,492.538,545,7,Pulse Output Event,Feeder #1,,7,1,Duration,0.28,,0,,0,,0,,0,cog_Mouse Pairwise Initial Touch Training v3_RewardTone
83,492.538,546,3,Output On Event,TrayLight #1,,7,0,,0.0,,0,,0,,0,,0,cog_Mouse Pairwise Initial Touch Training v3_RewardTone
83,492.538,547,16,Variable Event,First_Trial,,7,1,Value,0.0,,0,,0,,0,,0,cog_Mouse Pairwise Initial Touch Training v3_RewardTone
83,492.538,548,21,Group Change Event,Group Change,,7,1,New Group,8.0,,0,,0,,0,,0,cog_Mouse Pairwise Initial Touch Training v3_RewardTone
83,554.931,549,38,Input Transition On Event,FIRBeam #1,,8,0,,0.0,,0,,0,,0,,0,cog_Mouse Pairwise Initial Touch Training v3_RewardTone
83,555.108,550,39,Input Transition Off Event,FIRBeam #1,,8,0,,0.0,,0,,0,,0,,0,cog_Mouse Pairwise Initial Touch Training v3_RewardTone
83,565.11,551,38,Input Transition On Event,FIRBeam #1,,8,0,,0.0,,0,,0,,0,,0,cog_Mouse Pairwise Initial Touch Training v3_RewardTone
83,566.396,552,39,Input Transition Off Event,FIRBeam #1,,8,0,,0.0,,0,,0,,0,,0,cog_Mouse Pairwise Initial Touch Training v3_RewardTone
83,567.424,553,38,Input Transition On Event,BIRBeam #1,,8,0,,0.0,,0,,0,,0,,0,cog_Mouse Pairwise Initial Touch Training v3_RewardTone
83,568.175,554,38,Input Transition On Event,Tray #1,,8,0,,0.0,,0,,0,,0,,0,cog_Mouse Pairwise Initial Touch Training v3_RewardTone
83,568.175,555,1,Condition Event,Reward Collected Start ITI,,8,0,,0.0,,0,,0,,0,,0,cog_Mouse Pairwise Initial Touch Training v3_RewardTone
83,568.175,556,4,Output Off Event,TrayLight #1,,8,0,,0.0,,0,,0,,0,,0,cog_Mouse Pairwise Initial Touch Training v3_RewardTone
83,568.175,557,21,Group Change Event,Group Change,,8,1,New Group,2.0,,0,,0,,0,,0,cog_Mouse Pairwise Initial Touch Training v3_RewardTone
83,568.176,558,1,Condition Event,Set Image position,,2,0,,0.0,,0,,0,,0,,0,cog_Mouse Pairwise Initial Touch Training v3_RewardTone
83,568.176,559,16,Variable Event,Correct_Grid_Position,,2,1,Value,1.0,,0,,0,,0,,0,cog_Mouse Pairwise Initial Touch Training v3_RewardTone
83,568.176,560,17,List Change - Set,Grid_Position,,2,2,Index,2.0,Value,1,,0,,0,,0,cog_Mouse Pairwise Initial Touch Training v3_RewardTone
83,568.176,561,21,Group Change Event,Group Change,,2,1,New Group,3.0,,0,,0,,0,,0,cog_Mouse Pairwise Initial Touch Training v3_RewardTone
83,568.176,562,1,Condition Event,Incorrect Right,,3,0,,0.0,,0,,0,,0,,0,cog_Mouse Pairwise Initial Touch Training v3_RewardTone
83,568.176,563,16,Variable Event,Incorrect_Grid_Position,,3,1,Value,2.0,,0,,0,,0,,0,cog_Mouse Pairwise Initial Touch Training v3_RewardTone
83,568.176,564,21,Group Change Event,Group Change,,3,1,New Group,4.0,,0,,0,,0,,0,cog_Mouse Pairwise Initial Touch Training v3_RewardTone
83,568.176,565,1,Condition Event,Start ITI,,4,0,,0.0,,0,,0,,0,,0,cog_Mouse Pairwise Initial Touch Training v3_RewardTone
83,568.176,566,29,Timer Event,ITI_Timer,,4,1,Value,0.0,,0,,0,,0,,0,cog_Mouse Pairwise Initial Touch Training v3_RewardTone
83,568.176,567,21,Group Change Event,Group Change,,4,1,New Group,5.0,,0,,0,,0,,0,cog_Mouse Pairwise Initial Touch Training v3_RewardTone
83,569.457,568,39,Input Transition Off Event,Tray #1,,5,0,,0.0,,0,,0,,0,,0,cog_Mouse Pairwise Initial Touch Training v3_RewardTone
83,571.176,569,1,Condition Event,Increment Trial Counter,,5,0,,0.0,,0,,0,,0,,0,cog_Mouse Pairwise Initial Touch Training v3_RewardTone
83,571.176,570,16,Variable Event,_Trial_Counter,,5,1,Value,10.0,,0,,0,,0,,0,cog_Mouse Pairwise Initial Touch Training v3_RewardTone
83,571.176,571,21,Group Change Event,Group Change,,5,1,New Group,6.0,,0,,0,,0,,0,cog_Mouse Pairwise Initial Touch Training v3_RewardTone
83,571.176,572,1,Condition Event,Display Image,,6,0,,0.0,,0,,0,,0,,0,cog_Mouse Pairwise Initial Touch Training v3_RewardTone
83,571.176,573,32,Display Image,Bussey Mouse Operant Mode 2 x 1 x low,Training_Images,6,2,Position,1.0,Image 29,28,,0,,0,,0,cog_Mouse Pairwise Initial Touch Training v3_RewardTone
83,571.176,574,4,Output Off Event,TrayLight #1,,6,0,,0.0,,0,,0,,0,,0,cog_Mouse Pairwise Initial Touch Training v3_RewardTone
83,571.176,575,29,Timer Event,Image_Timer,,6,1,Value,0.0,,0,,0,,0,,0,cog_Mouse Pairwise Initial Touch Training v3_RewardTone
83,571.176,576,17,List Change - Set,Training_Images,,6,2,Index,24.0,Image 24,24,,0,,0,,0,cog_Mouse Pairwise Initial Touch Training v3_RewardTone
83,571.176,577,21,Group Change Event,Group Change,,6,1,New Group,7.0,,0,,0,,0,,0,cog_Mouse Pairwise Initial Touch Training v3_RewardTone
83,577.094,578,39,Input Transition Off Event,BIRBeam #1,,7,0,,0.0,,0,,0,,0,,0,cog_Mouse Pairwise Initial Touch Training v3_RewardTone
83,577.709,579,38,Input Transition On Event,FIRBeam #1,,7,0,,0.0,,0,,0,,0,,0,cog_Mouse Pairwise Initial Touch Training v3_RewardTone
83,578.271,580,39,Input Transition Off Event,FIRBeam #1,,7,0,,0.0,,0,,0,,0,,0,cog_Mouse Pairwise Initial Touch Training v3_RewardTone
83,601.177,581,1,Condition Event,Image display time end,,7,0,,0.0,,0,,0,,0,,0,cog_Mouse Pairwise Initial Touch Training v3_RewardTone
83,601.177,582,32,Display Image,Bussey Mouse Operant Mode 2 x 1 x low,Background,7,2,Position,1.0,Image 1,0,,0,,0,,0,cog_Mouse Pairwise Initial Touch Training v3_RewardTone
83,601.177,583,7,Pulse Output Event,Feeder #1,,7,1,Duration,0.28,,0,,0,,0,,0,cog_Mouse Pairwise Initial Touch Training v3_RewardTone
83,601.177,584,3,Output On Event,TrayLight #1,,7,0,,0.0,,0,,0,,0,,0,cog_Mouse Pairwise Initial Touch Training v3_RewardTone
83,601.177,585,16,Variable Event,First_Trial,,7,1,Value,0.0,,0,,0,,0,,0,cog_Mouse Pairwise Initial Touch Training v3_RewardTone
83,601.177,586,21,Group Change Event,Group Change,,7,1,New Group,8.0,,0,,0,,0,,0,cog_Mouse Pairwise Initial Touch Training v3_RewardTone
83,684.81,587,38,Input Transition On Event,FIRBeam #1,,8,0,,0.0,,0,,0,,0,,0,cog_Mouse Pairwise Initial Touch Training v3_RewardTone
83,684.881,588,39,Input Transition Off Event,FIRBeam #1,,8,0,,0.0,,0,,0,,0,,0,cog_Mouse Pairwise Initial Touch Training v3_RewardTone
83,696.597,589,38,Input Transition On Event,FIRBeam #1,,8,0,,0.0,,0,,0,,0,,0,cog_Mouse Pairwise Initial Touch Training v3_RewardTone
83,697.089,590,39,Input Transition Off Event,FIRBeam #1,,8,0,,0.0,,0,,0,,0,,0,cog_Mouse Pairwise Initial Touch Training v3_RewardTone
83,761.341,591,38,Input Transition On Event,FIRBeam #1,,8,0,,0.0,,0,,0,,0,,0,cog_Mouse Pairwise Initial Touch Training v3_RewardTone
83,761.372,592,39,Input Transition Off Event,FIRBeam #1,,8,0,,0.0,,0,,0,,0,,0,cog_Mouse Pairwise Initial Touch Training v3_RewardTone
83,762.889,593,38,Input Transition On Event,FIRBeam #1,,8,0,,0.0,,0,,0,,0,,0,cog_Mouse Pairwise Initial Touch Training v3_RewardTone
83,764.068,594,39,Input Transition Off Event,FIRBeam #1,,8,0,,0.0,,0,,0,,0,,0,cog_Mouse Pairwise Initial Touch Training v3_RewardTone
83,764.215,595,38,Input Transition On Event,FIRBeam #1,,8,0,,0.0,,0,,0,,0,,0,cog_Mouse Pairwise Initial Touch Training v3_RewardTone
83,764.381,596,39,Input Transition Off Event,FIRBeam #1,,8,0,,0.0,,0,,0,,0,,0,cog_Mouse Pairwise Initial Touch Training v3_RewardTone
83,772.864,597,38,Input Transition On Event,FIRBeam #1,,8,0,,0.0,,0,,0,,0,,0,cog_Mouse Pairwise Initial Touch Training v3_RewardTone
83,772.885,598,39,Input Transition Off Event,FIRBeam #1,,8,0,,0.0,,0,,0,,0,,0,cog_Mouse Pairwise Initial Touch Training v3_RewardTone
83,782.994,599,38,Input Transition On Event,FIRBeam #1,,8,0,,0.0,,0,,0,,0,,0,cog_Mouse Pairwise Initial Touch Training v3_RewardTone
83,783.102,600,39,Input Transition Off Event,FIRBeam #1,,8,0,,0.0,,0,,0,,0,,0,cog_Mouse Pairwise Initial Touch Training v3_RewardTone
83,783.746,601,38,Input Transition On Event,FIRBeam #1,,8,0,,0.0,,0,,0,,0,,0,cog_Mouse Pairwise Initial Touch Training v3_RewardTone
83,784.552,602,39,Input Transition Off Event,FIRBeam #1,,8,0,,0.0,,0,,0,,0,,0,cog_Mouse Pairwise Initial Touch Training v3_RewardTone
83,861.187,603,38,Input Transition On Event,FIRBeam #1,,8,0,,0.0,,0,,0,,0,,0,cog_Mouse Pairwise Initial Touch Training v3_RewardTone
83,862.577,604,39,Input Transition Off Event,FIRBeam #1,,8,0,,0.0,,0,,0,,0,,0,cog_Mouse Pairwise Initial Touch Training v3_RewardTone
83,863.139,605,38,Input Transition On Event,BIRBeam #1,,8,0,,0.0,,0,,0,,0,,0,cog_Mouse Pairwise Initial Touch Training v3_RewardTone
83,867.151,606,38,Input Transition On Event,Tray #1,,8,0,,0.0,,0,,0,,0,,0,cog_Mouse Pairwise Initial Touch Training v3_RewardTone
83,867.151,607,1,Condition Event,Reward Collected Start ITI,,8,0,,0.0,,0,,0,,0,,0,cog_Mouse Pairwise Initial Touch Training v3_RewardTone
83,867.151,608,4,Output Off Event,TrayLight #1,,8,0,,0.0,,0,,0,,0,,0,cog_Mouse Pairwise Initial Touch Training v3_RewardTone
83,867.151,609,21,Group Change Event,Group Change,,8,1,New Group,2.0,,0,,0,,0,,0,cog_Mouse Pairwise Initial Touch Training v3_RewardTone
83,867.152,610,1,Condition Event,Set Image position,,2,0,,0.0,,0,,0,,0,,0,cog_Mouse Pairwise Initial Touch Training v3_RewardTone
83,867.152,611,16,Variable Event,Correct_Grid_Position,,2,1,Value,1.0,,0,,0,,0,,0,cog_Mouse Pairwise Initial Touch Training v3_RewardTone
83,867.152,612,17,List Change - Set,Grid_Position,,2,2,Index,10.0,Value,2,,0,,0,,0,cog_Mouse Pairwise Initial Touch Training v3_RewardTone
83,867.152,613,21,Group Change Event,Group Change,,2,1,New Group,3.0,,0,,0,,0,,0,cog_Mouse Pairwise Initial Touch Training v3_RewardTone
83,867.152,614,1,Condition Event,Incorrect Right,,3,0,,0.0,,0,,0,,0,,0,cog_Mouse Pairwise Initial Touch Training v3_RewardTone
83,867.152,615,16,Variable Event,Incorrect_Grid_Position,,3,1,Value,2.0,,0,,0,,0,,0,cog_Mouse Pairwise Initial Touch Training v3_RewardTone
83,867.152,616,21,Group Change Event,Group Change,,3,1,New Group,4.0,,0,,0,,0,,0,cog_Mouse Pairwise Initial Touch Training v3_RewardTone
83,867.152,617,1,Condition Event,Start ITI,,4,0,,0.0,,0,,0,,0,,0,cog_Mouse Pairwise Initial Touch Training v3_RewardTone
83,867.152,618,29,Timer Event,ITI_Timer,,4,1,Value,0.0,,0,,0,,0,,0,cog_Mouse Pairwise Initial Touch Training v3_RewardTone
83,867.152,619,21,Group Change Event,Group Change,,4,1,New Group,5.0,,0,,0,,0,,0,cog_Mouse Pairwise Initial Touch Training v3_RewardTone
83,868.728,620,39,Input Transition Off Event,Tray #1,,5,0,,0.0,,0,,0,,0,,0,cog_Mouse Pairwise Initial Touch Training v3_RewardTone
83,870.161,621,1,Condition Event,Increment Trial Counter,,5,0,,0.0,,0,,0,,0,,0,cog_Mouse Pairwise Initial Touch Training v3_RewardTone
83,870.161,622,16,Variable Event,_Trial_Counter,,5,1,Value,11.0,,0,,0,,0,,0,cog_Mouse Pairwise Initial Touch Training v3_RewardTone
83,870.161,623,21,Group Change Event,Group Change,,5,1,New Group,6.0,,0,,0,,0,,0,cog_Mouse Pairwise Initial Touch Training v3_RewardTone
83,870.162,624,1,Condition Event,Display Image,,6,0,,0.0,,0,,0,,0,,0,cog_Mouse Pairwise Initial Touch Training v3_RewardTone
83,870.162,625,32,Display Image,Bussey Mouse Operant Mode 2 x 1 x low,Training_Images,6,2,Position,1.0,Image 24,23,,0,,0,,0,cog_Mouse Pairwise Initial Touch Training v3_RewardTone
83,870.162,626,4,Output Off Event,TrayLight #1,,6,0,,0.0,,0,,0,,0,,0,cog_Mouse Pairwise Initial Touch Training v3_RewardTone
83,870.162,627,29,Timer Event,Image_Timer,,6,1,Value,0.0,,0,,0,,0,,0,cog_Mouse Pairwise Initial Touch Training v3_RewardTone
83,870.162,628,17,List Change - Set,Training_Images,,6,2,Index,34.0,Image 34,34,,0,,0,,0,cog_Mouse Pairwise Initial Touch Training v3_RewardTone
83,870.162,629,21,Group Change Event,Group Change,,6,1,New Group,7.0,,0,,0,,0,,0,cog_Mouse Pairwise Initial Touch Training v3_RewardTone
83,871.967,630,39,Input Transition Off Event,BIRBeam #1,,7,0,,0.0,,0,,0,,0,,0,cog_Mouse Pairwise Initial Touch Training v3_RewardTone
83,872.245,631,38,Input Transition On Event,FIRBeam #1,,7,0,,0.0,,0,,0,,0,,0,cog_Mouse Pairwise Initial Touch Training v3_RewardTone
83,872.791,632,39,Input Transition Off Event,FIRBeam #1,,7,0,,0.0,,0,,0,,0,,0,cog_Mouse Pairwise Initial Touch Training v3_RewardTone
83,900.162,633,1,Condition Event,Image display time end,,7,0,,0.0,,0,,0,,0,,0,cog_Mouse Pairwise Initial Touch Training v3_RewardTone
83,900.162,634,32,Display Image,Bussey Mouse Operant Mode 2 x 1 x low,Background,7,2,Position,1.0,Image 1,0,,0,,0,,0,cog_Mouse Pairwise Initial Touch Training v3_RewardTone
83,900.162,635,7,Pulse Output Event,Feeder #1,,7,1,Duration,0.28,,0,,0,,0,,0,cog_Mouse Pairwise Initial Touch Training v3_RewardTone
83,900.162,636,3,Output On Event,TrayLight #1,,7,0,,0.0,,0,,0,,0,,0,cog_Mouse Pairwise Initial Touch Training v3_RewardTone
83,900.162,637,16,Variable Event,First_Trial,,7,1,Value,0.0,,0,,0,,0,,0,cog_Mouse Pairwise Initial Touch Training v3_RewardTone
83,900.162,638,21,Group Change Event,Group Change,,7,1,New Group,8.0,,0,,0,,0,,0,cog_Mouse Pairwise Initial Touch Training v3_RewardTone
83,904.707,639,30,Touch Down Event,Bussey Mouse Operant Mode 2 x 1 x low,,8,4,Position,1.0,Image 1,0,CoordX,118,CoordY,119,,0,cog_Mouse Pairwise Initial Touch Training v3_RewardTone
83,904.816,640,31,Touch Up Event,Bussey Mouse Operant Mode 2 x 1 x low,,8,4,Position,1.0,Image 1,0,CoordX,118,CoordY,119,,0,cog_Mouse Pairwise Initial Touch Training v3_RewardTone
83,925.071,641,38,Input Transition On Event,FIRBeam #1,,8,0,,0.0,,0,,0,,0,,0,cog_Mouse Pairwise Initial Touch Training v3_RewardTone
83,925.394,642,39,Input Transition Off Event,FIRBeam #1,,8,0,,0.0,,0,,0,,0,,0,cog_Mouse Pairwise Initial Touch Training v3_RewardTone
83,952.018,643,38,Input Transition On Event,FIRBeam #1,,8,0,,0.0,,0,,0,,0,,0,cog_Mouse Pairwise Initial Touch Training v3_RewardTone
83,952.411,644,39,Input Transition Off Event,FIRBeam #1,,8,0,,0.0,,0,,0,,0,,0,cog_Mouse Pairwise Initial Touch Training v3_RewardTone
83,959.011,645,38,Input Transition On Event,FIRBeam #1,,8,0,,0.0,,0,,0,,0,,0,cog_Mouse Pairwise Initial Touch Training v3_RewardTone
83,961.031,646,39,Input Transition Off Event,FIRBeam #1,,8,0,,0.0,,0,,0,,0,,0,cog_Mouse Pairwise Initial Touch Training v3_RewardTone
83,961.08,647,38,Input Transition On Event,FIRBeam #1,,8,0,,0.0,,0,,0,,0,,0,cog_Mouse Pairwise Initial Touch Training v3_RewardTone
83,961.14,648,39,Input Transition Off Event,FIRBeam #1,,8,0,,0.0,,0,,0,,0,,0,cog_Mouse Pairwise Initial Touch Training v3_RewardTone
83,983.148,649,38,Input Transition On Event,FIRBeam #1,,8,0,,0.0,,0,,0,,0,,0,cog_Mouse Pairwise Initial Touch Training v3_RewardTone
83,983.203,650,39,Input Transition Off Event,FIRBeam #1,,8,0,,0.0,,0,,0,,0,,0,cog_Mouse Pairwise Initial Touch Training v3_RewardTone
83,994.215,651,38,Input Transition On Event,FIRBeam #1,,8,0,,0.0,,0,,0,,0,,0,cog_Mouse Pairwise Initial Touch Training v3_RewardTone
83,998.538,652,39,Input Transition Off Event,FIRBeam #1,,8,0,,0.0,,0,,0,,0,,0,cog_Mouse Pairwise Initial Touch Training v3_RewardTone
83,998.975,653,38,Input Transition On Event,BIRBeam #1,,8,0,,0.0,,0,,0,,0,,0,cog_Mouse Pairwise Initial Touch Training v3_RewardTone
83,1016.002,654,38,Input Transition On Event,Tray #1,,8,0,,0.0,,0,,0,,0,,0,cog_Mouse Pairwise Initial Touch Training v3_RewardTone
83,1016.002,655,1,Condition Event,Reward Collected Start ITI,,8,0,,0.0,,0,,0,,0,,0,cog_Mouse Pairwise Initial Touch Training v3_RewardTone
83,1016.002,656,4,Output Off Event,TrayLight #1,,8,0,,0.0,,0,,0,,0,,0,cog_Mouse Pairwise Initial Touch Training v3_RewardTone
83,1016.002,657,21,Group Change Event,Group Change,,8,1,New Group,2.0,,0,,0,,0,,0,cog_Mouse Pairwise Initial Touch Training v3_RewardTone
83,1016.014,658,1,Condition Event,Set Image position,,2,0,,0.0,,0,,0,,0,,0,cog_Mouse Pairwise Initial Touch Training v3_RewardTone
83,1016.014,659,16,Variable Event,Correct_Grid_Position,,2,1,Value,2.0,,0,,0,,0,,0,cog_Mouse Pairwise Initial Touch Training v3_RewardTone
83,1016.014,660,17,List Change - Set,Grid_Position,,2,2,Index,8.0,Value,2,,0,,0,,0,cog_Mouse Pairwise Initial Touch Training v3_RewardTone
83,1016.014,661,21,Group Change Event,Group Change,,2,1,New Group,3.0,,0,,0,,0,,0,cog_Mouse Pairwise Initial Touch Training v3_RewardTone
83,1016.014,662,1,Condition Event,Incorrect Left,,3,0,,0.0,,0,,0,,0,,0,cog_Mouse Pairwise Initial Touch Training v3_RewardTone
83,1016.014,663,16,Variable Event,Incorrect_Grid_Position,,3,1,Value,1.0,,0,,0,,0,,0,cog_Mouse Pairwise Initial Touch Training v3_RewardTone
83,1016.014,664,21,Group Change Event,Group Change,,3,1,New Group,4.0,,0,,0,,0,,0,cog_Mouse Pairwise Initial Touch Training v3_RewardTone
83,1016.014,665,1,Condition Event,Start ITI,,4,0,,0.0,,0,,0,,0,,0,cog_Mouse Pairwise Initial Touch Training v3_RewardTone
83,1016.014,666,29,Timer Event,ITI_Timer,,4,1,Value,0.0,,0,,0,,0,,0,cog_Mouse Pairwise Initial Touch Training v3_RewardTone
83,1016.014,667,21,Group Change Event,Group Change,,4,1,New Group,5.0,,0,,0,,0,,0,cog_Mouse Pairwise Initial Touch Training v3_RewardTone
83,1016.034,668,39,Input Transition Off Event,Tray #1,,5,0,,0.0,,0,,0,,0,,0,cog_Mouse Pairwise Initial Touch Training v3_RewardTone
83,1019.022,669,1,Condition Event,Increment Trial Counter,,5,0,,0.0,,0,,0,,0,,0,cog_Mouse Pairwise Initial Touch Training v3_RewardTone
83,1019.022,670,16,Variable Event,_Trial_Counter,,5,1,Value,12.0,,0,,0,,0,,0,cog_Mouse Pairwise Initial Touch Training v3_RewardTone
83,1019.022,671,21,Group Change Event,Group Change,,5,1,New Group,6.0,,0,,0,,0,,0,cog_Mouse Pairwise Initial Touch Training v3_RewardTone
83,1019.022,672,1,Condition Event,Display Image,,6,0,,0.0,,0,,0,,0,,0,cog_Mouse Pairwise Initial Touch Training v3_RewardTone
83,1019.022,673,32,Display Image,Bussey Mouse Operant Mode 2 x 1 x low,Training_Images,6,2,Position,2.0,Image 34,33,,0,,0,,0,cog_Mouse Pairwise Initial Touch Training v3_RewardTone
83,1019.022,674,4,Output Off Event,TrayLight #1,,6,0,,0.0,,0,,0,,0,,0,cog_Mouse Pairwise Initial Touch Training v3_RewardTone
83,1019.022,675,29,Timer Event,Image_Timer,,6,1,Value,0.0,,0,,0,,0,,0,cog_Mouse Pairwise Initial Touch Training v3_RewardTone
83,1019.022,676,17,List Change - Set,Training_Images,,6,2,Index,25.0,Image 25,25,,0,,0,,0,cog_Mouse Pairwise Initial Touch Training v3_RewardTone
83,1019.022,677,21,Group Change Event,Group Change,,6,1,New Group,7.0,,0,,0,,0,,0,cog_Mouse Pairwise Initial Touch Training v3_RewardTone
83,1019.601,678,38,Input Transition On Event,Tray #1,,7,0,,0.0,,0,,0,,0,,0,cog_Mouse Pairwise Initial Touch Training v3_RewardTone
83,1020.35,679,39,Input Transition Off Event,Tray #1,,7,0,,0.0,,0,,0,,0,,0,cog_Mouse Pairwise Initial Touch Training v3_RewardTone
83,1022.935,680,39,Input Transition Off Event,BIRBeam #1,,7,0,,0.0,,0,,0,,0,,0,cog_Mouse Pairwise Initial Touch Training v3_RewardTone
83,1023.195,681,38,Input Transition On Event,FIRBeam #1,,7,0,,0.0,,0,,0,,0,,0,cog_Mouse Pairwise Initial Touch Training v3_RewardTone
83,1024.527,682,39,Input Transition Off Event,FIRBeam #1,,7,0,,0.0,,0,,0,,0,,0,cog_Mouse Pairwise Initial Touch Training v3_RewardTone
83,1026.564,683,38,Input Transition On Event,FIRBeam #1,,7,0,,0.0,,0,,0,,0,,0,cog_Mouse Pairwise Initial Touch Training v3_RewardTone
83,1026.64,684,39,Input Transition Off Event,FIRBeam #1,,7,0,,0.0,,0,,0,,0,,0,cog_Mouse Pairwise Initial Touch Training v3_RewardTone
83,1033.673,685,38,Input Transition On Event,FIRBeam #1,,7,0,,0.0,,0,,0,,0,,0,cog_Mouse Pairwise Initial Touch Training v3_RewardTone
83,1034.628,686,39,Input Transition Off Event,FIRBeam #1,,7,0,,0.0,,0,,0,,0,,0,cog_Mouse Pairwise Initial Touch Training v3_RewardTone
83,1049.022,687,1,Condition Event,Image display time end,,7,0,,0.0,,0,,0,,0,,0,cog_Mouse Pairwise Initial Touch Training v3_RewardTone
83,1049.022,688,32,Display Image,Bussey Mouse Operant Mode 2 x 1 x low,Background,7,2,Position,2.0,Image 1,0,,0,,0,,0,cog_Mouse Pairwise Initial Touch Training v3_RewardTone
83,1049.022,689,7,Pulse Output Event,Feeder #1,,7,1,Duration,0.28,,0,,0,,0,,0,cog_Mouse Pairwise Initial Touch Training v3_RewardTone
83,1049.022,690,3,Output On Event,TrayLight #1,,7,0,,0.0,,0,,0,,0,,0,cog_Mouse Pairwise Initial Touch Training v3_RewardTone
83,1049.022,691,16,Variable Event,First_Trial,,7,1,Value,0.0,,0,,0,,0,,0,cog_Mouse Pairwise Initial Touch Training v3_RewardTone
83,1049.022,692,21,Group Change Event,Group Change,,7,1,New Group,8.0,,0,,0,,0,,0,cog_Mouse Pairwise Initial Touch Training v3_RewardTone
83,1049.963,693,38,Input Transition On Event,FIRBeam #1,,8,0,,0.0,,0,,0,,0,,0,cog_Mouse Pairwise Initial Touch Training v3_RewardTone
83,1052.291,694,39,Input Transition Off Event,FIRBeam #1,,8,0,,0.0,,0,,0,,0,,0,cog_Mouse Pairwise Initial Touch Training v3_RewardTone
83,1146.921,695,38,Input Transition On Event,FIRBeam #1,,8,0,,0.0,,0,,0,,0,,0,cog_Mouse Pairwise Initial Touch Training v3_RewardTone
83,1147.005,696,39,Input Transition Off Event,FIRBeam #1,,8,0,,0.0,,0,,0,,0,,0,cog_Mouse Pairwise Initial Touch Training v3_RewardTone
83,1150.929,697,38,Input Transition On Event,FIRBeam #1,,8,0,,0.0,,0,,0,,0,,0,cog_Mouse Pairwise Initial Touch Training v3_RewardTone
83,1155.827,698,39,Input Transition Off Event,FIRBeam #1,,8,0,,0.0,,0,,0,,0,,0,cog_Mouse Pairwise Initial Touch Training v3_RewardTone
83,1158.398,699,38,Input Transition On Event,FIRBeam #1,,8,0,,0.0,,0,,0,,0,,0,cog_Mouse Pairwise Initial Touch Training v3_RewardTone
83,1159.179,700,39,Input Transition Off Event,FIRBeam #1,,8,0,,0.0,,0,,0,,0,,0,cog_Mouse Pairwise Initial Touch Training v3_RewardTone
83,1159.23,701,38,Input Transition On Event,BIRBeam #1,,8,0,,0.0,,0,,0,,0,,0,cog_Mouse Pairwise Initial Touch Training v3_RewardTone
83,1165.302,702,38,Input Transition On Event,Tray #1,,8,0,,0.0,,0,,0,,0,,0,cog_Mouse Pairwise Initial Touch Training v3_RewardTone
83,1165.302,703,1,Condition Event,Reward Collected Start ITI,,8,0,,0.0,,0,,0,,0,,0,cog_Mouse Pairwise Initial Touch Training v3_RewardTone
83,1165.302,704,4,Output Off Event,TrayLight #1,,8,0,,0.0,,0,,0,,0,,0,cog_Mouse Pairwise Initial Touch Training v3_RewardTone
83,1165.302,705,21,Group Change Event,Group Change,,8,1,New Group,2.0,,0,,0,,0,,0,cog_Mouse Pairwise Initial Touch Training v3_RewardTone
83,1165.303,706,1,Condition Event,Set Image position,,2,0,,0.0,,0,,0,,0,,0,cog_Mouse Pairwise Initial Touch Training v3_RewardTone
83,1165.303,707,16,Variable Event,Correct_Grid_Position,,2,1,Value,2.0,,0,,0,,0,,0,cog_Mouse Pairwise Initial Touch Training v3_RewardTone
83,1165.303,708,17,List Change - Set,Grid_Position,,2,2,Index,5.0,Value,1,,0,,0,,0,cog_Mouse Pairwise Initial Touch Training v3_RewardTone
83,1165.303,709,21,Group Change Event,Group Change,,2,1,New Group,3.0,,0,,0,,0,,0,cog_Mouse Pairwise Initial Touch Training v3_RewardTone
83,1165.303,710,1,Condition Event,Incorrect Left,,3,0,,0.0,,0,,0,,0,,0,cog_Mouse Pairwise Initial Touch Training v3_RewardTone
83,1165.303,711,16,Variable Event,Incorrect_Grid_Position,,3,1,Value,1.0,,0,,0,,0,,0,cog_Mouse Pairwise Initial Touch Training v3_RewardTone
83,1165.303,712,21,Group Change Event,Group Change,,3,1,New Group,4.0,,0,,0,,0,,0,cog_Mouse Pairwise Initial Touch Training v3_RewardTone
83,1165.303,713,1,Condition Event,Start ITI,,4,0,,0.0,,0,,0,,0,,0,cog_Mouse Pairwise Initial Touch Training v3_RewardTone
83,1165.303,714,29,Timer Event,ITI_Timer,,4,1,Value,0.0,,0,,0,,0,,0,cog_Mouse Pairwise Initial Touch Training v3_RewardTone
83,1165.303,715,21,Group Change Event,Group Change,,4,1,New Group,5.0,,0,,0,,0,,0,cog_Mouse Pairwise Initial Touch Training v3_RewardTone
83,1165.373,716,39,Input Transition Off Event,Tray #1,,5,0,,0.0,,0,,0,,0,,0,cog_Mouse Pairwise Initial Touch Training v3_RewardTone
83,1165.389,717,38,Input Transition On Event,Tray #1,,5,0,,0.0,,0,,0,,0,,0,cog_Mouse Pairwise Initial Touch Training v3_RewardTone
83,1165.442,718,39,Input Transition Off Event,Tray #1,,5,0,,0.0,,0,,0,,0,,0,cog_Mouse Pairwise Initial Touch Training v3_RewardTone
83,1168.311,719,1,Condition Event,Increment Trial Counter,,5,0,,0.0,,0,,0,,0,,0,cog_Mouse Pairwise Initial Touch Training v3_RewardTone
83,1168.311,720,16,Variable Event,_Trial_Counter,,5,1,Value,13.0,,0,,0,,0,,0,cog_Mouse Pairwise Initial Touch Training v3_RewardTone
83,1168.311,721,21,Group Change Event,Group Change,,5,1,New Group,6.0,,0,,0,,0,,0,cog_Mouse Pairwise Initial Touch Training v3_RewardTone
83,1168.312,722,1,Condition Event,Display Image,,6,0,,0.0,,0,,0,,0,,0,cog_Mouse Pairwise Initial Touch Training v3_RewardTone
83,1168.312,723,32,Display Image,Bussey Mouse Operant Mode 2 x 1 x low,Training_Images,6,2,Position,2.0,Image 25,24,,0,,0,,0,cog_Mouse Pairwise Initial Touch Training v3_RewardTone
83,1168.312,724,4,Output Off Event,TrayLight #1,,6,0,,0.0,,0,,0,,0,,0,cog_Mouse Pairwise Initial Touch Training v3_RewardTone
83,1168.312,725,29,Timer Event,Image_Timer,,6,1,Value,0.0,,0,,0,,0,,0,cog_Mouse Pairwise Initial Touch Training v3_RewardTone
83,1168.312,726,17,List Change - Set,Training_Images,,6,2,Index,6.0,Image 6,6,,0,,0,,0,cog_Mouse Pairwise Initial Touch Training v3_RewardTone
83,1168.312,727,21,Group Change Event,Group Change,,6,1,New Group,7.0,,0,,0,,0,,0,cog_Mouse Pairwise Initial Touch Training v3_RewardTone
83,1170.091,728,38,Input Transition On Event,Tray #1,,7,0,,0.0,,0,,0,,0,,0,cog_Mouse Pairwise Initial Touch Training v3_RewardTone
83,1170.177,729,39,Input Transition Off Event,Tray #1,,7,0,,0.0,,0,,0,,0,,0,cog_Mouse Pairwise Initial Touch Training v3_RewardTone
83,1172.829,730,39,Input Transition Off Event,BIRBeam #1,,7,0,,0.0,,0,,0,,0,,0,cog_Mouse Pairwise Initial Touch Training v3_RewardTone
83,1173.005,731,38,Input Transition On Event,FIRBeam #1,,7,0,,0.0,,0,,0,,0,,0,cog_Mouse Pairwise Initial Touch Training v3_RewardTone
83,1175.617,732,39,Input Transition Off Event,FIRBeam #1,,7,0,,0.0,,0,,0,,0,,0,cog_Mouse Pairwise Initial Touch Training v3_RewardTone
83,1198.315,733,1,Condition Event,Image display time end,,7,0,,0.0,,0,,0,,0,,0,cog_Mouse Pairwise Initial Touch Training v3_RewardTone
83,1198.315,734,32,Display Image,Bussey Mouse Operant Mode 2 x 1 x low,Background,7,2,Position,2.0,Image 1,0,,0,,0,,0,cog_Mouse Pairwise Initial Touch Training v3_RewardTone
83,1198.315,735,7,Pulse Output Event,Feeder #1,,7,1,Duration,0.28,,0,,0,,0,,0,cog_Mouse Pairwise Initial Touch Training v3_RewardTone
83,1198.315,736,3,Output On Event,TrayLight #1,,7,0,,0.0,,0,,0,,0,,0,cog_Mouse Pairwise Initial Touch Training v3_RewardTone
83,1198.315,737,16,Variable Event,First_Trial,,7,1,Value,0.0,,0,,0,,0,,0,cog_Mouse Pairwise Initial Touch Training v3_RewardTone
83,1198.315,738,21,Group Change Event,Group Change,,7,1,New Group,8.0,,0,,0,,0,,0,cog_Mouse Pairwise Initial Touch Training v3_RewardTone
83,1315.409,739,38,Input Transition On Event,FIRBeam #1,,8,0,,0.0,,0,,0,,0,,0,cog_Mouse Pairwise Initial Touch Training v3_RewardTone
83,1316.213,740,39,Input Transition Off Event,FIRBeam #1,,8,0,,0.0,,0,,0,,0,,0,cog_Mouse Pairwise Initial Touch Training v3_RewardTone
83,1316.324,741,38,Input Transition On Event,BIRBeam #1,,8,0,,0.0,,0,,0,,0,,0,cog_Mouse Pairwise Initial Touch Training v3_RewardTone
83,1318.13,742,39,Input Transition Off Event,BIRBeam #1,,8,0,,0.0,,0,,0,,0,,0,cog_Mouse Pairwise Initial Touch Training v3_RewardTone
83,1318.223,743,38,Input Transition On Event,FIRBeam #1,,8,0,,0.0,,0,,0,,0,,0,cog_Mouse Pairwise Initial Touch Training v3_RewardTone
83,1318.742,744,39,Input Transition Off Event,FIRBeam #1,,8,0,,0.0,,0,,0,,0,,0,cog_Mouse Pairwise Initial Touch Training v3_RewardTone
83,1323.349,745,38,Input Transition On Event,FIRBeam #1,,8,0,,0.0,,0,,0,,0,,0,cog_Mouse Pairwise Initial Touch Training v3_RewardTone
83,1323.527,746,39,Input Transition Off Event,FIRBeam #1,,8,0,,0.0,,0,,0,,0,,0,cog_Mouse Pairwise Initial Touch Training v3_RewardTone
83,1326.726,747,30,Touch Down Event,Bussey Mouse Operant Mode 2 x 1 x low,,8,4,Position,2.0,Image 1,0,CoordX,174,CoordY,189,,0,cog_Mouse Pairwise Initial Touch Training v3_RewardTone
83,1326.884,748,31,Touch Up Event,Bussey Mouse Operant Mode 2 x 1 x low,,8,4,Position,2.0,Image 1,0,CoordX,174,CoordY,189,,0,cog_Mouse Pairwise Initial Touch Training v3_RewardTone
83,1328.587,749,38,Input Transition On Event,FIRBeam #1,,8,0,,0.0,,0,,0,,0,,0,cog_Mouse Pairwise Initial Touch Training v3_RewardTone
83,1330.225,750,39,Input Transition Off Event,FIRBeam #1,,8,0,,0.0,,0,,0,,0,,0,cog_Mouse Pairwise Initial Touch Training v3_RewardTone
83,1330.255,751,38,Input Transition On Event,FIRBeam #1,,8,0,,0.0,,0,,0,,0,,0,cog_Mouse Pairwise Initial Touch Training v3_RewardTone
83,1332.614,752,39,Input Transition Off Event,FIRBeam #1,,8,0,,0.0,,0,,0,,0,,0,cog_Mouse Pairwise Initial Touch Training v3_RewardTone
83,1332.764,753,38,Input Transition On Event,FIRBeam #1,,8,0,,0.0,,0,,0,,0,,0,cog_Mouse Pairwise Initial Touch Training v3_RewardTone
83,1332.835,754,39,Input Transition Off Event,FIRBeam #1,,8,0,,0.0,,0,,0,,0,,0,cog_Mouse Pairwise Initial Touch Training v3_RewardTone
83,1332.899,755,38,Input Transition On Event,FIRBeam #1,,8,0,,0.0,,0,,0,,0,,0,cog_Mouse Pairwise Initial Touch Training v3_RewardTone
83,1333.013,756,39,Input Transition Off Event,FIRBeam #1,,8,0,,0.0,,0,,0,,0,,0,cog_Mouse Pairwise Initial Touch Training v3_RewardTone
83,1335.201,757,38,Input Transition On Event,FIRBeam #1,,8,0,,0.0,,0,,0,,0,,0,cog_Mouse Pairwise Initial Touch Training v3_RewardTone
83,1335.366,758,39,Input Transition Off Event,FIRBeam #1,,8,0,,0.0,,0,,0,,0,,0,cog_Mouse Pairwise Initial Touch Training v3_RewardTone
83,1341.536,759,38,Input Transition On Event,FIRBeam #1,,8,0,,0.0,,0,,0,,0,,0,cog_Mouse Pairwise Initial Touch Training v3_RewardTone
83,1341.551,760,39,Input Transition Off Event,FIRBeam #1,,8,0,,0.0,,0,,0,,0,,0,cog_Mouse Pairwise Initial Touch Training v3_RewardTone
83,1347.109,761,38,Input Transition On Event,FIRBeam #1,,8,0,,0.0,,0,,0,,0,,0,cog_Mouse Pairwise Initial Touch Training v3_RewardTone
83,1347.272,762,39,Input Transition Off Event,FIRBeam #1,,8,0,,0.0,,0,,0,,0,,0,cog_Mouse Pairwise Initial Touch Training v3_RewardTone
83,1352.538,763,38,Input Transition On Event,FIRBeam #1,,8,0,,0.0,,0,,0,,0,,0,cog_Mouse Pairwise Initial Touch Training v3_RewardTone
83,1353.31,764,39,Input Transition Off Event,FIRBeam #1,,8,0,,0.0,,0,,0,,0,,0,cog_Mouse Pairwise Initial Touch Training v3_RewardTone
83,1355.008,765,38,Input Transition On Event,FIRBeam #1,,8,0,,0.0,,0,,0,,0,,0,cog_Mouse Pairwise Initial Touch Training v3_RewardTone
83,1356.551,766,39,Input Transition Off Event,FIRBeam #1,,8,0,,0.0,,0,,0,,0,,0,cog_Mouse Pairwise Initial Touch Training v3_RewardTone
83,1369.39,767,38,Input Transition On Event,FIRBeam #1,,8,0,,0.0,,0,,0,,0,,0,cog_Mouse Pairwise Initial Touch Training v3_RewardTone
83,1370.912,768,39,Input Transition Off Event,FIRBeam #1,,8,0,,0.0,,0,,0,,0,,0,cog_Mouse Pairwise Initial Touch Training v3_RewardTone
83,1371.487,769,38,Input Transition On Event,BIRBeam #1,,8,0,,0.0,,0,,0,,0,,0,cog_Mouse Pairwise Initial Touch Training v3_RewardTone
83,1372.525,770,38,Input Transition On Event,Tray #1,,8,0,,0.0,,0,,0,,0,,0,cog_Mouse Pairwise Initial Touch Training v3_RewardTone
83,1372.525,771,1,Condition Event,Reward Collected Start ITI,,8,0,,0.0,,0,,0,,0,,0,cog_Mouse Pairwise Initial Touch Training v3_RewardTone
83,1372.525,772,4,Output Off Event,TrayLight #1,,8,0,,0.0,,0,,0,,0,,0,cog_Mouse Pairwise Initial Touch Training v3_RewardTone
83,1372.525,773,21,Group Change Event,Group Change,,8,1,New Group,2.0,,0,,0,,0,,0,cog_Mouse Pairwise Initial Touch Training v3_RewardTone
83,1372.526,774,1,Condition Event,Set Image position,,2,0,,0.0,,0,,0,,0,,0,cog_Mouse Pairwise Initial Touch Training v3_RewardTone
83,1372.526,775,16,Variable Event,Correct_Grid_Position,,2,1,Value,1.0,,0,,0,,0,,0,cog_Mouse Pairwise Initial Touch Training v3_RewardTone
83,1372.526,776,17,List Change - Set,Grid_Position,,2,2,Index,6.0,Value,2,,0,,0,,0,cog_Mouse Pairwise Initial Touch Training v3_RewardTone
83,1372.526,777,21,Group Change Event,Group Change,,2,1,New Group,3.0,,0,,0,,0,,0,cog_Mouse Pairwise Initial Touch Training v3_RewardTone
83,1372.526,778,1,Condition Event,Incorrect Right,,3,0,,0.0,,0,,0,,0,,0,cog_Mouse Pairwise Initial Touch Training v3_RewardTone
83,1372.526,779,16,Variable Event,Incorrect_Grid_Position,,3,1,Value,2.0,,0,,0,,0,,0,cog_Mouse Pairwise Initial Touch Training v3_RewardTone
83,1372.526,780,21,Group Change Event,Group Change,,3,1,New Group,4.0,,0,,0,,0,,0,cog_Mouse Pairwise Initial Touch Training v3_RewardTone
83,1372.526,781,1,Condition Event,Start ITI,,4,0,,0.0,,0,,0,,0,,0,cog_Mouse Pairwise Initial Touch Training v3_RewardTone
83,1372.526,782,29,Timer Event,ITI_Timer,,4,1,Value,0.0,,0,,0,,0,,0,cog_Mouse Pairwise Initial Touch Training v3_RewardTone
83,1372.526,783,21,Group Change Event,Group Change,,4,1,New Group,5.0,,0,,0,,0,,0,cog_Mouse Pairwise Initial Touch Training v3_RewardTone
83,1374.548,784,39,Input Transition Off Event,Tray #1,,5,0,,0.0,,0,,0,,0,,0,cog_Mouse Pairwise Initial Touch Training v3_RewardTone
83,1375.526,785,1,Condition Event,Increment Trial Counter,,5,0,,0.0,,0,,0,,0,,0,cog_Mouse Pairwise Initial Touch Training v3_RewardTone
83,1375.526,786,16,Variable Event,_Trial_Counter,,5,1,Value,14.0,,0,,0,,0,,0,cog_Mouse Pairwise Initial Touch Training v3_RewardTone
83,1375.526,787,21,Group Change Event,Group Change,,5,1,New Group,6.0,,0,,0,,0,,0,cog_Mouse Pairwise Initial Touch Training v3_RewardTone
83,1375.527,788,1,Condition Event,Display Image,,6,0,,0.0,,0,,0,,0,,0,cog_Mouse Pairwise Initial Touch Training v3_RewardTone
83,1375.527,789,32,Display Image,Bussey Mouse Operant Mode 2 x 1 x low,Training_Images,6,2,Position,1.0,Image 6,5,,0,,0,,0,cog_Mouse Pairwise Initial Touch Training v3_RewardTone
83,1375.527,790,4,Output Off Event,TrayLight #1,,6,0,,0.0,,0,,0,,0,,0,cog_Mouse Pairwise Initial Touch Training v3_RewardTone
83,1375.527,791,29,Timer Event,Image_Timer,,6,1,Value,0.0,,0,,0,,0,,0,cog_Mouse Pairwise Initial Touch Training v3_RewardTone
83,1375.527,792,17,List Change - Set,Training_Images,,6,2,Index,37.0,Image 37,37,,0,,0,,0,cog_Mouse Pairwise Initial Touch Training v3_RewardTone
83,1375.527,793,21,Group Change Event,Group Change,,6,1,New Group,7.0,,0,,0,,0,,0,cog_Mouse Pairwise Initial Touch Training v3_RewardTone
83,1377.648,794,39,Input Transition Off Event,BIRBeam #1,,7,0,,0.0,,0,,0,,0,,0,cog_Mouse Pairwise Initial Touch Training v3_RewardTone
83,1377.787,795,38,Input Transition On Event,FIRBeam #1,,7,0,,0.0,,0,,0,,0,,0,cog_Mouse Pairwise Initial Touch Training v3_RewardTone
83,1379.009,796,39,Input Transition Off Event,FIRBeam #1,,7,0,,0.0,,0,,0,,0,,0,cog_Mouse Pairwise Initial Touch Training v3_RewardTone
83,1379.042,797,38,Input Transition On Event,FIRBeam #1,,7,0,,0.0,,0,,0,,0,,0,cog_Mouse Pairwise Initial Touch Training v3_RewardTone
83,1379.058,798,39,Input Transition Off Event,FIRBeam #1,,7,0,,0.0,,0,,0,,0,,0,cog_Mouse Pairwise Initial Touch Training v3_RewardTone
83,1395.727,799,30,Touch Down Event,Bussey Mouse Operant Mode 2 x 1 x low,,7,4,Position,2.0,Image 1,0,CoordX,17,CoordY,136,,0,cog_Mouse Pairwise Initial Touch Training v3_RewardTone
83,1395.727,800,1,Condition Event,Blank Image Touched,,7,0,,0.0,,0,,0,,0,,0,cog_Mouse Pairwise Initial Touch Training v3_RewardTone
83,1395.727,801,16,Variable Event,Blank_Touch_Counter,,7,1,Value,5.0,,0,,0,,0,,0,cog_Mouse Pairwise Initial Touch Training v3_RewardTone
83,1395.727,802,61,Group Maintain Event,Group Change,,7,1,New Group,7.0,,0,,0,,0,,0,cog_Mouse Pairwise Initial Touch Training v3_RewardTone
83,1395.937,803,31,Touch Up Event,Bussey Mouse Operant Mode 2 x 1 x low,,7,4,Position,2.0,Image 1,0,CoordX,22,CoordY,136,,0,cog_Mouse Pairwise Initial Touch Training v3_RewardTone
83,1397.067,804,30,Touch Down Event,Bussey Mouse Operant Mode 2 x 1 x low,,7,4,Position,2.0,Image 1,0,CoordX,156,CoordY,225,,0,cog_Mouse Pairwise Initial Touch Training v3_RewardTone
83,1397.067,805,1,Condition Event,Blank Image Touched,,7,0,,0.0,,0,,0,,0,,0,cog_Mouse Pairwise Initial Touch Training v3_RewardTone
83,1397.067,806,16,Variable Event,Blank_Touch_Counter,,7,1,Value,6.0,,0,,0,,0,,0,cog_Mouse Pairwise Initial Touch Training v3_RewardTone
83,1397.067,807,61,Group Maintain Event,Group Change,,7,1,New Group,7.0,,0,,0,,0,,0,cog_Mouse Pairwise Initial Touch Training v3_RewardTone
83,1397.608,808,31,Touch Up Event,Bussey Mouse Operant Mode 2 x 1 x low,,7,4,Position,2.0,Image 1,0,CoordX,156,CoordY,154,,0,cog_Mouse Pairwise Initial Touch Training v3_RewardTone
83,1398.715,809,30,Touch Down Event,Bussey Mouse Operant Mode 2 x 1 x low,,7,4,Position,2.0,Image 1,0,CoordX,104,CoordY,207,,0,cog_Mouse Pairwise Initial Touch Training v3_RewardTone
83,1398.715,810,1,Condition Event,Blank Image Touched,,7,0,,0.0,,0,,0,,0,,0,cog_Mouse Pairwise Initial Touch Training v3_RewardTone
83,1398.715,811,16,Variable Event,Blank_Touch_Counter,,7,1,Value,7.0,,0,,0,,0,,0,cog_Mouse Pairwise Initial Touch Training v3_RewardTone
83,1398.715,812,61,Group Maintain Event,Group Change,,7,1,New Group,7.0,,0,,0,,0,,0,cog_Mouse Pairwise Initial Touch Training v3_RewardTone
83,1399.432,813,31,Touch Up Event,Bussey Mouse Operant Mode 2 x 1 x low,,7,4,Position,2.0,Image 1,0,CoordX,97,CoordY,225,,0,cog_Mouse Pairwise Initial Touch Training v3_RewardTone
83,1399.717,814,30,Touch Down Event,Bussey Mouse Operant Mode 2 x 1 x low,,7,4,Position,2.0,Image 1,0,CoordX,70,CoordY,225,,0,cog_Mouse Pairwise Initial Touch Training v3_RewardTone
83,1399.717,815,1,Condition Event,Blank Image Touched,,7,0,,0.0,,0,,0,,0,,0,cog_Mouse Pairwise Initial Touch Training v3_RewardTone
83,1399.717,816,16,Variable Event,Blank_Touch_Counter,,7,1,Value,8.0,,0,,0,,0,,0,cog_Mouse Pairwise Initial Touch Training v3_RewardTone
83,1399.717,817,61,Group Maintain Event,Group Change,,7,1,New Group,7.0,,0,,0,,0,,0,cog_Mouse Pairwise Initial Touch Training v3_RewardTone
83,1400.434,818,31,Touch Up Event,Bussey Mouse Operant Mode 2 x 1 x low,,7,4,Position,2.0,Image 1,0,CoordX,28,CoordY,175,,0,cog_Mouse Pairwise Initial Touch Training v3_RewardTone
83,1402.811,819,30,Touch Down Event,Bussey Mouse Operant Mode 2 x 1 x low,,7,4,Position,1.0,Image 6,5,CoordX,49,CoordY,207,,0,cog_Mouse Pairwise Initial Touch Training v3_RewardTone
83,1402.811,820,1,Condition Event,Image Touched,,7,0,,0.0,,0,,0,,0,,0,cog_Mouse Pairwise Initial Touch Training v3_RewardTone
83,1402.811,821,32,Display Image,Bussey Mouse Operant Mode 2 x 1 x low,Background,7,2,Position,1.0,Image 1,0,,0,,0,,0,cog_Mouse Pairwise Initial Touch Training v3_RewardTone
83,1402.811,822,64,Play Audio Tone for Duration,(AUDIO),audio,7,3,correct tone,1.0,Intensity,100,Duration,500,,0,,0,cog_Mouse Pairwise Initial Touch Training v3_RewardTone
83,1402.811,823,29,Timer Event,Post_Reward_Tone_Delay_Timer,,7,1,Value,0.0,,0,,0,,0,,0,cog_Mouse Pairwise Initial Touch Training v3_RewardTone
83,1402.811,824,21,Group Change Event,Group Change,,7,1,New Group,8.0,,0,,0,,0,,0,cog_Mouse Pairwise Initial Touch Training v3_RewardTone
83,1403.044,825,31,Touch Up Event,Bussey Mouse Operant Mode 2 x 1 x low,,8,4,Position,1.0,Image 1,0,CoordX,32,CoordY,207,,0,cog_Mouse Pairwise Initial Touch Training v3_RewardTone
83,1403.811,826,1,Condition Event,Post Reward Tone Delay,,8,0,,0.0,,0,,0,,0,,0,cog_Mouse Pairwise Initial Touch Training v3_RewardTone
83,1403.811,827,16,Variable Event,Feeder_Pulse_Time,,8,1,Value,840.0,,0,,0,,0,,0,cog_Mouse Pairwise Initial Touch Training v3_RewardTone
83,1403.811,828,7,Pulse Output Event,Feeder #1,,8,1,Duration,0.84,,0,,0,,0,,0,cog_Mouse Pairwise Initial Touch Training v3_RewardTone
83,1403.811,829,3,Output On Event,TrayLight #1,,8,0,,0.0,,0,,0,,0,,0,cog_Mouse Pairwise Initial Touch Training v3_RewardTone
83,1403.811,830,16,Variable Event,Correct_Counter,,8,1,Value,6.0,,0,,0,,0,,0,cog_Mouse Pairwise Initial Touch Training v3_RewardTone
83,1403.811,831,16,Variable Event,Feeder_Pulse_Time,,8,1,Value,280.0,,0,,0,,0,,0,cog_Mouse Pairwise Initial Touch Training v3_RewardTone
83,1403.811,832,16,Variable Event,First_Trial,,8,1,Value,0.0,,0,,0,,0,,0,cog_Mouse Pairwise Initial Touch Training v3_RewardTone
83,1403.811,833,29,Timer Event,Post_Reward_Tone_Delay_Timer,,8,1,Value,1.002,,0,,0,,0,,0,cog_Mouse Pairwise Initial Touch Training v3_RewardTone
83,1403.811,834,29,Timer Event,Post_Reward_Tone_Delay_Timer,,8,1,Value,0.0,,0,,0,,0,,0,cog_Mouse Pairwise Initial Touch Training v3_RewardTone
83,1403.811,835,21,Group Change Event,Group Change,,8,1,New Group,2.0,,0,,0,,0,,0,cog_Mouse Pairwise Initial Touch Training v3_RewardTone
83,1403.813,836,1,Condition Event,Set Image position,,2,0,,0.0,,0,,0,,0,,0,cog_Mouse Pairwise Initial Touch Training v3_RewardTone
83,1403.813,837,16,Variable Event,Correct_Grid_Position,,2,1,Value,2.0,,0,,0,,0,,0,cog_Mouse Pairwise Initial Touch Training v3_RewardTone
83,1403.813,838,17,List Change - Set,Grid_Position,,2,2,Index,4.0,Value,1,,0,,0,,0,cog_Mouse Pairwise Initial Touch Training v3_RewardTone
83,1403.813,839,21,Group Change Event,Group Change,,2,1,New Group,3.0,,0,,0,,0,,0,cog_Mouse Pairwise Initial Touch Training v3_RewardTone
83,1403.813,840,1,Condition Event,Incorrect Left,,3,0,,0.0,,0,,0,,0,,0,cog_Mouse Pairwise Initial Touch Training v3_RewardTone
83,1403.813,841,16,Variable Event,Incorrect_Grid_Position,,3,1,Value,1.0,,0,,0,,0,,0,cog_Mouse Pairwise Initial Touch Training v3_RewardTone
83,1403.813,842,21,Group Change Event,Group Change,,3,1,New Group,4.0,,0,,0,,0,,0,cog_Mouse Pairwise Initial Touch Training v3_RewardTone
83,1403.813,843,1,Condition Event,Start ITI,,4,0,,0.0,,0,,0,,0,,0,cog_Mouse Pairwise Initial Touch Training v3_RewardTone
83,1403.813,844,29,Timer Event,ITI_Timer,,4,1,Value,0.0,,0,,0,,0,,0,cog_Mouse Pairwise Initial Touch Training v3_RewardTone
83,1403.813,845,21,Group Change Event,Group Change,,4,1,New Group,5.0,,0,,0,,0,,0,cog_Mouse Pairwise Initial Touch Training v3_RewardTone
83,1404.183,846,38,Input Transition On Event,FIRBeam #1,,5,0,,0.0,,0,,0,,0,,0,cog_Mouse Pairwise Initial Touch Training v3_RewardTone
83,1404.285,847,39,Input Transition Off Event,FIRBeam #1,,5,0,,0.0,,0,,0,,0,,0,cog_Mouse Pairwise Initial Touch Training v3_RewardTone
83,1406.813,848,1,Condition Event,Increment Trial Counter,,5,0,,0.0,,0,,0,,0,,0,cog_Mouse Pairwise Initial Touch Training v3_RewardTone
83,1406.813,849,16,Variable Event,_Trial_Counter,,5,1,Value,15.0,,0,,0,,0,,0,cog_Mouse Pairwise Initial Touch Training v3_RewardTone
83,1406.813,850,21,Group Change Event,Group Change,,5,1,New Group,6.0,,0,,0,,0,,0,cog_Mouse Pairwise Initial Touch Training v3_RewardTone
83,1406.813,851,1,Condition Event,Display Image,,6,0,,0.0,,0,,0,,0,,0,cog_Mouse Pairwise Initial Touch Training v3_RewardTone
83,1406.813,852,32,Display Image,Bussey Mouse Operant Mode 2 x 1 x low,Training_Images,6,2,Position,2.0,Image 37,36,,0,,0,,0,cog_Mouse Pairwise Initial Touch Training v3_RewardTone
83,1406.813,853,4,Output Off Event,TrayLight #1,,6,0,,0.0,,0,,0,,0,,0,cog_Mouse Pairwise Initial Touch Training v3_RewardTone
83,1406.813,854,29,Timer Event,Image_Timer,,6,1,Value,0.0,,0,,0,,0,,0,cog_Mouse Pairwise Initial Touch Training v3_RewardTone
83,1406.813,855,17,List Change - Set,Training_Images,,6,2,Index,40.0,Image 40,40,,0,,0,,0,cog_Mouse Pairwise Initial Touch Training v3_RewardTone
83,1406.813,856,21,Group Change Event,Group Change,,6,1,New Group,7.0,,0,,0,,0,,0,cog_Mouse Pairwise Initial Touch Training v3_RewardTone
83,1408.9,857,30,Touch Down Event,Bussey Mouse Operant Mode 2 x 1 x low,,7,4,Position,2.0,Image 37,36,CoordX,156,CoordY,189,,0,cog_Mouse Pairwise Initial Touch Training v3_RewardTone
83,1408.9,858,1,Condition Event,Image Touched,,7,0,,0.0,,0,,0,,0,,0,cog_Mouse Pairwise Initial Touch Training v3_RewardTone
83,1408.9,859,32,Display Image,Bussey Mouse Operant Mode 2 x 1 x low,Background,7,2,Position,2.0,Image 1,0,,0,,0,,0,cog_Mouse Pairwise Initial Touch Training v3_RewardTone
83,1408.9,860,64,Play Audio Tone for Duration,(AUDIO),audio,7,3,correct tone,1.0,Intensity,100,Duration,500,,0,,0,cog_Mouse Pairwise Initial Touch Training v3_RewardTone
83,1408.9,861,29,Timer Event,Post_Reward_Tone_Delay_Timer,,7,1,Value,0.0,,0,,0,,0,,0,cog_Mouse Pairwise Initial Touch Training v3_RewardTone
83,1408.9,862,21,Group Change Event,Group Change,,7,1,New Group,8.0,,0,,0,,0,,0,cog_Mouse Pairwise Initial Touch Training v3_RewardTone
83,1409.11,863,31,Touch Up Event,Bussey Mouse Operant Mode 2 x 1 x low,,8,4,Position,2.0,Image 1,0,CoordX,181,CoordY,171,,0,cog_Mouse Pairwise Initial Touch Training v3_RewardTone
83,1409.313,864,30,Touch Down Event,Bussey Mouse Operant Mode 2 x 1 x low,,8,4,Position,2.0,Image 1,0,CoordX,156,CoordY,172,,0,cog_Mouse Pairwise Initial Touch Training v3_RewardTone
83,1409.789,865,31,Touch Up Event,Bussey Mouse Operant Mode 2 x 1 x low,,8,4,Position,2.0,Image 1,0,CoordX,121,CoordY,136,,0,cog_Mouse Pairwise Initial Touch Training v3_RewardTone
83,1409.858,866,30,Touch Down Event,Bussey Mouse Operant Mode 2 x 1 x low,,8,4,Position,2.0,Image 1,0,CoordX,122,CoordY,136,,0,cog_Mouse Pairwise Initial Touch Training v3_RewardTone
83,1409.9,867,1,Condition Event,Post Reward Tone Delay,,8,0,,0.0,,0,,0,,0,,0,cog_Mouse Pairwise Initial Touch Training v3_RewardTone
83,1409.9,868,16,Variable Event,Feeder_Pulse_Time,,8,1,Value,840.0,,0,,0,,0,,0,cog_Mouse Pairwise Initial Touch Training v3_RewardTone
83,1409.9,869,7,Pulse Output Event,Feeder #1,,8,1,Duration,0.84,,0,,0,,0,,0,cog_Mouse Pairwise Initial Touch Training v3_RewardTone
83,1409.9,870,3,Output On Event,TrayLight #1,,8,0,,0.0,,0,,0,,0,,0,cog_Mouse Pairwise Initial Touch Training v3_RewardTone
83,1409.9,871,16,Variable Event,Correct_Counter,,8,1,Value,7.0,,0,,0,,0,,0,cog_Mouse Pairwise Initial Touch Training v3_RewardTone
83,1409.9,872,16,Variable Event,Feeder_Pulse_Time,,8,1,Value,280.0,,0,,0,,0,,0,cog_Mouse Pairwise Initial Touch Training v3_RewardTone
83,1409.9,873,16,Variable Event,First_Trial,,8,1,Value,0.0,,0,,0,,0,,0,cog_Mouse Pairwise Initial Touch Training v3_RewardTone
83,1409.9,874,29,Timer Event,Post_Reward_Tone_Delay_Timer,,8,1,Value,1.001,,0,,0,,0,,0,cog_Mouse Pairwise Initial Touch Training v3_RewardTone
83,1409.9,875,29,Timer Event,Post_Reward_Tone_Delay_Timer,,8,1,Value,0.0,,0,,0,,0,,0,cog_Mouse Pairwise Initial Touch Training v3_RewardTone
83,1409.9,876,21,Group Change Event,Group Change,,8,1,New Group,2.0,,0,,0,,0,,0,cog_Mouse Pairwise Initial Touch Training v3_RewardTone
83,1409.901,877,1,Condition Event,Set Image position,,2,0,,0.0,,0,,0,,0,,0,cog_Mouse Pairwise Initial Touch Training v3_RewardTone
83,1409.901,878,16,Variable Event,Correct_Grid_Position,,2,1,Value,1.0,,0,,0,,0,,0,cog_Mouse Pairwise Initial Touch Training v3_RewardTone
83,1409.901,879,17,List Change - Set,Grid_Position,,2,2,Index,3.0,Value,1,,0,,0,,0,cog_Mouse Pairwise Initial Touch Training v3_RewardTone
83,1409.901,880,21,Group Change Event,Group Change,,2,1,New Group,3.0,,0,,0,,0,,0,cog_Mouse Pairwise Initial Touch Training v3_RewardTone
83,1409.901,881,1,Condition Event,Incorrect Right,,3,0,,0.0,,0,,0,,0,,0,cog_Mouse Pairwise Initial Touch Training v3_RewardTone
83,1409.901,882,16,Variable Event,Incorrect_Grid_Position,,3,1,Value,2.0,,0,,0,,0,,0,cog_Mouse Pairwise Initial Touch Training v3_RewardTone
83,1409.901,883,21,Group Change Event,Group Change,,3,1,New Group,4.0,,0,,0,,0,,0,cog_Mouse Pairwise Initial Touch Training v3_RewardTone
83,1409.902,884,1,Condition Event,Start ITI,,4,0,,0.0,,0,,0,,0,,0,cog_Mouse Pairwise Initial Touch Training v3_RewardTone
83,1409.902,885,29,Timer Event,ITI_Timer,,4,1,Value,0.0,,0,,0,,0,,0,cog_Mouse Pairwise Initial Touch Training v3_RewardTone
83,1409.902,886,21,Group Change Event,Group Change,,4,1,New Group,5.0,,0,,0,,0,,0,cog_Mouse Pairwise Initial Touch Training v3_RewardTone
83,1409.998,887,31,Touch Up Event,Bussey Mouse Operant Mode 2 x 1 x low,,5,4,Position,2.0,Image 1,0,CoordX,97,CoordY,137,,0,cog_Mouse Pairwise Initial Touch Training v3_RewardTone
83,1410.157,888,30,Touch Down Event,Bussey Mouse Operant Mode 2 x 1 x low,,5,4,Position,2.0,Image 1,0,CoordX,87,CoordY,154,,0,cog_Mouse Pairwise Initial Touch Training v3_RewardTone
83,1410.157,889,1,Condition Event,Right Screen Touches,,5,0,,0.0,,0,,0,,0,,0,cog_Mouse Pairwise Initial Touch Training v3_RewardTone
83,1410.157,890,16,Variable Event,Right_touches_during_ITI,,5,1,Value,1.0,,0,,0,,0,,0,cog_Mouse Pairwise Initial Touch Training v3_RewardTone
83,1410.157,891,61,Group Maintain Event,Group Change,,5,1,New Group,5.0,,0,,0,,0,,0,cog_Mouse Pairwise Initial Touch Training v3_RewardTone
83,1411.546,892,31,Touch Up Event,Bussey Mouse Operant Mode 2 x 1 x low,,5,4,Position,2.0,Image 1,0,CoordX,50,CoordY,129,,0,cog_Mouse Pairwise Initial Touch Training v3_RewardTone
83,1412.902,893,1,Condition Event,Increment Trial Counter,,5,0,,0.0,,0,,0,,0,,0,cog_Mouse Pairwise Initial Touch Training v3_RewardTone
83,1412.902,894,16,Variable Event,_Trial_Counter,,5,1,Value,16.0,,0,,0,,0,,0,cog_Mouse Pairwise Initial Touch Training v3_RewardTone
83,1412.902,895,21,Group Change Event,Group Change,,5,1,New Group,6.0,,0,,0,,0,,0,cog_Mouse Pairwise Initial Touch Training v3_RewardTone
83,1412.903,896,1,Condition Event,Display Image,,6,0,,0.0,,0,,0,,0,,0,cog_Mouse Pairwise Initial Touch Training v3_RewardTone
83,1412.903,897,32,Display Image,Bussey Mouse Operant Mode 2 x 1 x low,Training_Images,6,2,Position,1.0,Image 40,39,,0,,0,,0,cog_Mouse Pairwise Initial Touch Training v3_RewardTone
83,1412.903,898,4,Output Off Event,TrayLight #1,,6,0,,0.0,,0,,0,,0,,0,cog_Mouse Pairwise Initial Touch Training v3_RewardTone
83,1412.903,899,29,Timer Event,Image_Timer,,6,1,Value,0.0,,0,,0,,0,,0,cog_Mouse Pairwise Initial Touch Training v3_RewardTone
83,1412.903,900,17,List Change - Set,Training_Images,,6,2,Index,11.0,Image 11,11,,0,,0,,0,cog_Mouse Pairwise Initial Touch Training v3_RewardTone
83,1412.903,901,21,Group Change Event,Group Change,,6,1,New Group,7.0,,0,,0,,0,,0,cog_Mouse Pairwise Initial Touch Training v3_RewardTone
83,1413.019,902,30,Touch Down Event,Bussey Mouse Operant Mode 2 x 1 x low,,7,4,Position,1.0,Image 40,39,CoordX,223,CoordY,30,,0,cog_Mouse Pairwise Initial Touch Training v3_RewardTone
83,1413.019,903,1,Condition Event,Image Touched,,7,0,,0.0,,0,,0,,0,,0,cog_Mouse Pairwise Initial Touch Training v3_RewardTone
83,1413.019,904,32,Display Image,Bussey Mouse Operant Mode 2 x 1 x low,Background,7,2,Position,1.0,Image 1,0,,0,,0,,0,cog_Mouse Pairwise Initial Touch Training v3_RewardTone
83,1413.019,905,64,Play Audio Tone for Duration,(AUDIO),audio,7,3,correct tone,1.0,Intensity,100,Duration,500,,0,,0,cog_Mouse Pairwise Initial Touch Training v3_RewardTone
83,1413.019,906,29,Timer Event,Post_Reward_Tone_Delay_Timer,,7,1,Value,0.0,,0,,0,,0,,0,cog_Mouse Pairwise Initial Touch Training v3_RewardTone
83,1413.019,907,21,Group Change Event,Group Change,,7,1,New Group,8.0,,0,,0,,0,,0,cog_Mouse Pairwise Initial Touch Training v3_RewardTone
83,1413.05,908,31,Touch Up Event,Bussey Mouse Operant Mode 2 x 1 x low,,8,4,Position,1.0,Image 1,0,CoordX,223,CoordY,30,,0,cog_Mouse Pairwise Initial Touch Training v3_RewardTone
83,1414.025,909,1,Condition Event,Post Reward Tone Delay,,8,0,,0.0,,0,,0,,0,,0,cog_Mouse Pairwise Initial Touch Training v3_RewardTone
83,1414.025,910,16,Variable Event,Feeder_Pulse_Time,,8,1,Value,840.0,,0,,0,,0,,0,cog_Mouse Pairwise Initial Touch Training v3_RewardTone
83,1414.025,911,7,Pulse Output Event,Feeder #1,,8,1,Duration,0.84,,0,,0,,0,,0,cog_Mouse Pairwise Initial Touch Training v3_RewardTone
83,1414.025,912,3,Output On Event,TrayLight #1,,8,0,,0.0,,0,,0,,0,,0,cog_Mouse Pairwise Initial Touch Training v3_RewardTone
83,1414.025,913,16,Variable Event,Correct_Counter,,8,1,Value,8.0,,0,,0,,0,,0,cog_Mouse Pairwise Initial Touch Training v3_RewardTone
83,1414.025,914,16,Variable Event,Feeder_Pulse_Time,,8,1,Value,280.0,,0,,0,,0,,0,cog_Mouse Pairwise Initial Touch Training v3_RewardTone
83,1414.025,915,16,Variable Event,First_Trial,,8,1,Value,0.0,,0,,0,,0,,0,cog_Mouse Pairwise Initial Touch Training v3_RewardTone
83,1414.025,916,29,Timer Event,Post_Reward_Tone_Delay_Timer,,8,1,Value,1.007,,0,,0,,0,,0,cog_Mouse Pairwise Initial Touch Training v3_RewardTone
83,1414.025,917,29,Timer Event,Post_Reward_Tone_Delay_Timer,,8,1,Value,0.0,,0,,0,,0,,0,cog_Mouse Pairwise Initial Touch Training v3_RewardTone
83,1414.025,918,21,Group Change Event,Group Change,,8,1,New Group,2.0,,0,,0,,0,,0,cog_Mouse Pairwise Initial Touch Training v3_RewardTone
83,1414.026,919,1,Condition Event,Set Image position,,2,0,,0.0,,0,,0,,0,,0,cog_Mouse Pairwise Initial Touch Training v3_RewardTone
83,1414.026,920,16,Variable Event,Correct_Grid_Position,,2,1,Value,1.0,,0,,0,,0,,0,cog_Mouse Pairwise Initial Touch Training v3_RewardTone
83,1414.026,921,17,List Change - Set,Grid_Position,,2,2,Index,9.0,Value,2,,0,,0,,0,cog_Mouse Pairwise Initial Touch Training v3_RewardTone
83,1414.026,922,21,Group Change Event,Group Change,,2,1,New Group,3.0,,0,,0,,0,,0,cog_Mouse Pairwise Initial Touch Training v3_RewardTone
83,1414.026,923,1,Condition Event,Incorrect Right,,3,0,,0.0,,0,,0,,0,,0,cog_Mouse Pairwise Initial Touch Training v3_RewardTone
83,1414.026,924,16,Variable Event,Incorrect_Grid_Position,,3,1,Value,2.0,,0,,0,,0,,0,cog_Mouse Pairwise Initial Touch Training v3_RewardTone
83,1414.026,925,21,Group Change Event,Group Change,,3,1,New Group,4.0,,0,,0,,0,,0,cog_Mouse Pairwise Initial Touch Training v3_RewardTone
83,1414.027,926,1,Condition Event,Start ITI,,4,0,,0.0,,0,,0,,0,,0,cog_Mouse Pairwise Initial Touch Training v3_RewardTone
83,1414.027,927,29,Timer Event,ITI_Timer,,4,1,Value,0.0,,0,,0,,0,,0,cog_Mouse Pairwise Initial Touch Training v3_RewardTone
83,1414.027,928,21,Group Change Event,Group Change,,4,1,New Group,5.0,,0,,0,,0,,0,cog_Mouse Pairwise Initial Touch Training v3_RewardTone
83,1416.889,929,38,Input Transition On Event,FIRBeam #1,,5,0,,0.0,,0,,0,,0,,0,cog_Mouse Pairwise Initial Touch Training v3_RewardTone
83,1416.914,930,39,Input Transition Off Event,FIRBeam #1,,5,0,,0.0,,0,,0,,0,,0,cog_Mouse Pairwise Initial Touch Training v3_RewardTone
83,1417.036,931,1,Condition Event,Increment Trial Counter,,5,0,,0.0,,0,,0,,0,,0,cog_Mouse Pairwise Initial Touch Training v3_RewardTone
83,1417.036,932,16,Variable Event,_Trial_Counter,,5,1,Value,17.0,,0,,0,,0,,0,cog_Mouse Pairwise Initial Touch Training v3_RewardTone
83,1417.036,933,21,Group Change Event,Group Change,,5,1,New Group,6.0,,0,,0,,0,,0,cog_Mouse Pairwise Initial Touch Training v3_RewardTone
83,1417.036,934,1,Condition Event,Display Image,,6,0,,0.0,,0,,0,,0,,0,cog_Mouse Pairwise Initial Touch Training v3_RewardTone
83,1417.036,935,32,Display Image,Bussey Mouse Operant Mode 2 x 1 x low,Training_Images,6,2,Position,1.0,Image 11,10,,0,,0,,0,cog_Mouse Pairwise Initial Touch Training v3_RewardTone
83,1417.036,936,4,Output Off Event,TrayLight #1,,6,0,,0.0,,0,,0,,0,,0,cog_Mouse Pairwise Initial Touch Training v3_RewardTone
83,1417.036,937,29,Timer Event,Image_Timer,,6,1,Value,0.0,,0,,0,,0,,0,cog_Mouse Pairwise Initial Touch Training v3_RewardTone
83,1417.036,938,17,List Change - Set,Training_Images,,6,2,Index,5.0,Image 5,5,,0,,0,,0,cog_Mouse Pairwise Initial Touch Training v3_RewardTone
83,1417.036,939,21,Group Change Event,Group Change,,6,1,New Group,7.0,,0,,0,,0,,0,cog_Mouse Pairwise Initial Touch Training v3_RewardTone
83,1426.639,940,38,Input Transition On Event,FIRBeam #1,,7,0,,0.0,,0,,0,,0,,0,cog_Mouse Pairwise Initial Touch Training v3_RewardTone
83,1426.804,941,39,Input Transition Off Event,FIRBeam #1,,7,0,,0.0,,0,,0,,0,,0,cog_Mouse Pairwise Initial Touch Training v3_RewardTone
83,1426.868,942,38,Input Transition On Event,FIRBeam #1,,7,0,,0.0,,0,,0,,0,,0,cog_Mouse Pairwise Initial Touch Training v3_RewardTone
83,1427.143,943,39,Input Transition Off Event,FIRBeam #1,,7,0,,0.0,,0,,0,,0,,0,cog_Mouse Pairwise Initial Touch Training v3_RewardTone
83,1432.349,944,38,Input Transition On Event,FIRBeam #1,,7,0,,0.0,,0,,0,,0,,0,cog_Mouse Pairwise Initial Touch Training v3_RewardTone
83,1432.394,945,39,Input Transition Off Event,FIRBeam #1,,7,0,,0.0,,0,,0,,0,,0,cog_Mouse Pairwise Initial Touch Training v3_RewardTone
83,1432.446,946,38,Input Transition On Event,FIRBeam #1,,7,0,,0.0,,0,,0,,0,,0,cog_Mouse Pairwise Initial Touch Training v3_RewardTone
83,1433.519,947,39,Input Transition Off Event,FIRBeam #1,,7,0,,0.0,,0,,0,,0,,0,cog_Mouse Pairwise Initial Touch Training v3_RewardTone
83,1434.18,948,38,Input Transition On Event,FIRBeam #1,,7,0,,0.0,,0,,0,,0,,0,cog_Mouse Pairwise Initial Touch Training v3_RewardTone
83,1435.634,949,39,Input Transition Off Event,FIRBeam #1,,7,0,,0.0,,0,,0,,0,,0,cog_Mouse Pairwise Initial Touch Training v3_RewardTone
83,1435.733,950,38,Input Transition On Event,FIRBeam #1,,7,0,,0.0,,0,,0,,0,,0,cog_Mouse Pairwise Initial Touch Training v3_RewardTone
83,1436.362,951,39,Input Transition Off Event,FIRBeam #1,,7,0,,0.0,,0,,0,,0,,0,cog_Mouse Pairwise Initial Touch Training v3_RewardTone
83,1438.599,952,38,Input Transition On Event,FIRBeam #1,,7,0,,0.0,,0,,0,,0,,0,cog_Mouse Pairwise Initial Touch Training v3_RewardTone
83,1440.249,953,39,Input Transition Off Event,FIRBeam #1,,7,0,,0.0,,0,,0,,0,,0,cog_Mouse Pairwise Initial Touch Training v3_RewardTone
83,1440.421,954,38,Input Transition On Event,BIRBeam #1,,7,0,,0.0,,0,,0,,0,,0,cog_Mouse Pairwise Initial Touch Training v3_RewardTone
83,1440.653,955,39,Input Transition Off Event,BIRBeam #1,,7,0,,0.0,,0,,0,,0,,0,cog_Mouse Pairwise Initial Touch Training v3_RewardTone
83,1441.987,956,38,Input Transition On Event,BIRBeam #1,,7,0,,0.0,,0,,0,,0,,0,cog_Mouse Pairwise Initial Touch Training v3_RewardTone
83,1442.168,957,39,Input Transition Off Event,BIRBeam #1,,7,0,,0.0,,0,,0,,0,,0,cog_Mouse Pairwise Initial Touch Training v3_RewardTone
83,1446.356,958,38,Input Transition On Event,BIRBeam #1,,7,0,,0.0,,0,,0,,0,,0,cog_Mouse Pairwise Initial Touch Training v3_RewardTone
83,1447.037,959,1,Condition Event,Image display time end,,7,0,,0.0,,0,,0,,0,,0,cog_Mouse Pairwise Initial Touch Training v3_RewardTone
83,1447.037,960,32,Display Image,Bussey Mouse Operant Mode 2 x 1 x low,Background,7,2,Position,1.0,Image 1,0,,0,,0,,0,cog_Mouse Pairwise Initial Touch Training v3_RewardTone
83,1447.037,961,7,Pulse Output Event,Feeder #1,,7,1,Duration,0.28,,0,,0,,0,,0,cog_Mouse Pairwise Initial Touch Training v3_RewardTone
83,1447.037,962,3,Output On Event,TrayLight #1,,7,0,,0.0,,0,,0,,0,,0,cog_Mouse Pairwise Initial Touch Training v3_RewardTone
83,1447.037,963,16,Variable Event,First_Trial,,7,1,Value,0.0,,0,,0,,0,,0,cog_Mouse Pairwise Initial Touch Training v3_RewardTone
83,1447.037,964,21,Group Change Event,Group Change,,7,1,New Group,8.0,,0,,0,,0,,0,cog_Mouse Pairwise Initial Touch Training v3_RewardTone
83,1449.2,965,38,Input Transition On Event,Tray #1,,8,0,,0.0,,0,,0,,0,,0,cog_Mouse Pairwise Initial Touch Training v3_RewardTone
83,1449.2,966,1,Condition Event,Reward Collected Start ITI,,8,0,,0.0,,0,,0,,0,,0,cog_Mouse Pairwise Initial Touch Training v3_RewardTone
83,1449.2,967,4,Output Off Event,TrayLight #1,,8,0,,0.0,,0,,0,,0,,0,cog_Mouse Pairwise Initial Touch Training v3_RewardTone
83,1449.2,968,21,Group Change Event,Group Change,,8,1,New Group,2.0,,0,,0,,0,,0,cog_Mouse Pairwise Initial Touch Training v3_RewardTone
83,1449.201,969,1,Condition Event,Set Image position,,2,0,,0.0,,0,,0,,0,,0,cog_Mouse Pairwise Initial Touch Training v3_RewardTone
83,1449.201,970,16,Variable Event,Correct_Grid_Position,,2,1,Value,2.0,,0,,0,,0,,0,cog_Mouse Pairwise Initial Touch Training v3_RewardTone
83,1449.201,971,17,List Change - Set,Grid_Position,,2,2,Index,7.0,Value,2,,0,,0,,0,cog_Mouse Pairwise Initial Touch Training v3_RewardTone
83,1449.201,972,21,Group Change Event,Group Change,,2,1,New Group,3.0,,0,,0,,0,,0,cog_Mouse Pairwise Initial Touch Training v3_RewardTone
83,1449.201,973,1,Condition Event,Incorrect Left,,3,0,,0.0,,0,,0,,0,,0,cog_Mouse Pairwise Initial Touch Training v3_RewardTone
83,1449.201,974,16,Variable Event,Incorrect_Grid_Position,,3,1,Value,1.0,,0,,0,,0,,0,cog_Mouse Pairwise Initial Touch Training v3_RewardTone
83,1449.201,975,21,Group Change Event,Group Change,,3,1,New Group,4.0,,0,,0,,0,,0,cog_Mouse Pairwise Initial Touch Training v3_RewardTone
83,1449.201,976,1,Condition Event,Start ITI,,4,0,,0.0,,0,,0,,0,,0,cog_Mouse Pairwise Initial Touch Training v3_RewardTone
83,1449.201,977,29,Timer Event,ITI_Timer,,4,1,Value,0.0,,0,,0,,0,,0,cog_Mouse Pairwise Initial Touch Training v3_RewardTone
83,1449.201,978,21,Group Change Event,Group Change,,4,1,New Group,5.0,,0,,0,,0,,0,cog_Mouse Pairwise Initial Touch Training v3_RewardTone
83,1449.663,979,39,Input Transition Off Event,Tray #1,,5,0,,0.0,,0,,0,,0,,0,cog_Mouse Pairwise Initial Touch Training v3_RewardTone
83,1449.726,980,38,Input Transition On Event,Tray #1,,5,0,,0.0,,0,,0,,0,,0,cog_Mouse Pairwise Initial Touch Training v3_RewardTone
83,1450.321,981,39,Input Transition Off Event,Tray #1,,5,0,,0.0,,0,,0,,0,,0,cog_Mouse Pairwise Initial Touch Training v3_RewardTone
83,1452.201,982,1,Condition Event,Increment Trial Counter,,5,0,,0.0,,0,,0,,0,,0,cog_Mouse Pairwise Initial Touch Training v3_RewardTone
83,1452.201,983,16,Variable Event,_Trial_Counter,,5,1,Value,18.0,,0,,0,,0,,0,cog_Mouse Pairwise Initial Touch Training v3_RewardTone
83,1452.201,984,21,Group Change Event,Group Change,,5,1,New Group,6.0,,0,,0,,0,,0,cog_Mouse Pairwise Initial Touch Training v3_RewardTone
83,1452.201,985,1,Condition Event,Display Image,,6,0,,0.0,,0,,0,,0,,0,cog_Mouse Pairwise Initial Touch Training v3_RewardTone
83,1452.201,986,32,Display Image,Bussey Mouse Operant Mode 2 x 1 x low,Training_Images,6,2,Position,2.0,Image 5,4,,0,,0,,0,cog_Mouse Pairwise Initial Touch Training v3_RewardTone
83,1452.201,987,4,Output Off Event,TrayLight #1,,6,0,,0.0,,0,,0,,0,,0,cog_Mouse Pairwise Initial Touch Training v3_RewardTone
83,1452.201,988,29,Timer Event,Image_Timer,,6,1,Value,0.0,,0,,0,,0,,0,cog_Mouse Pairwise Initial Touch Training v3_RewardTone
83,1452.201,989,17,List Change - Set,Training_Images,,6,2,Index,27.0,Image 27,27,,0,,0,,0,cog_Mouse Pairwise Initial Touch Training v3_RewardTone
83,1452.201,990,21,Group Change Event,Group Change,,6,1,New Group,7.0,,0,,0,,0,,0,cog_Mouse Pairwise Initial Touch Training v3_RewardTone
83,1453.301,991,39,Input Transition Off Event,BIRBeam #1,,7,0,,0.0,,0,,0,,0,,0,cog_Mouse Pairwise Initial Touch Training v3_RewardTone
83,1453.553,992,38,Input Transition On Event,FIRBeam #1,,7,0,,0.0,,0,,0,,0,,0,cog_Mouse Pairwise Initial Touch Training v3_RewardTone
83,1457.459,993,39,Input Transition Off Event,FIRBeam #1,,7,0,,0.0,,0,,0,,0,,0,cog_Mouse Pairwise Initial Touch Training v3_RewardTone
83,1478.65,994,38,Input Transition On Event,FIRBeam #1,,7,0,,0.0,,0,,0,,0,,0,cog_Mouse Pairwise Initial Touch Training v3_RewardTone
83,1479.179,995,39,Input Transition Off Event,FIRBeam #1,,7,0,,0.0,,0,,0,,0,,0,cog_Mouse Pairwise Initial Touch Training v3_RewardTone
83,1482.206,996,1,Condition Event,Image display time end,,7,0,,0.0,,0,,0,,0,,0,cog_Mouse Pairwise Initial Touch Training v3_RewardTone
83,1482.206,997,32,Display Image,Bussey Mouse Operant Mode 2 x 1 x low,Background,7,2,Position,2.0,Image 1,0,,0,,0,,0,cog_Mouse Pairwise Initial Touch Training v3_RewardTone
83,1482.206,998,7,Pulse Output Event,Feeder #1,,7,1,Duration,0.28,,0,,0,,0,,0,cog_Mouse Pairwise Initial Touch Training v3_RewardTone
83,1482.206,999,3,Output On Event,TrayLight #1,,7,0,,0.0,,0,,0,,0,,0,cog_Mouse Pairwise Initial Touch Training v3_RewardTone
83,1482.206,1000,16,Variable Event,First_Trial,,7,1,Value,0.0,,0,,0,,0,,0,cog_Mouse Pairwise Initial Touch Training v3_RewardTone
83,1482.206,1001,21,Group Change Event,Group Change,,7,1,New Group,8.0,,0,,0,,0,,0,cog_Mouse Pairwise Initial Touch Training v3_RewardTone
83,1482.359,1002,38,Input Transition On Event,FIRBeam #1,,8,0,,0.0,,0,,0,,0,,0,cog_Mouse Pairwise Initial Touch Training v3_RewardTone
83,1483.385,1003,39,Input Transition Off Event,FIRBeam #1,,8,0,,0.0,,0,,0,,0,,0,cog_Mouse Pairwise Initial Touch Training v3_RewardTone
83,1538.321,1004,38,Input Transition On Event,FIRBeam #1,,8,0,,0.0,,0,,0,,0,,0,cog_Mouse Pairwise Initial Touch Training v3_RewardTone
83,1538.34,1005,39,Input Transition Off Event,FIRBeam #1,,8,0,,0.0,,0,,0,,0,,0,cog_Mouse Pairwise Initial Touch Training v3_RewardTone
83,1538.37,1006,38,Input Transition On Event,FIRBeam #1,,8,0,,0.0,,0,,0,,0,,0,cog_Mouse Pairwise Initial Touch Training v3_RewardTone
83,1538.386,1007,39,Input Transition Off Event,FIRBeam #1,,8,0,,0.0,,0,,0,,0,,0,cog_Mouse Pairwise Initial Touch Training v3_RewardTone
83,1578.883,1008,38,Input Transition On Event,FIRBeam #1,,8,0,,0.0,,0,,0,,0,,0,cog_Mouse Pairwise Initial Touch Training v3_RewardTone
83,1579.216,1009,39,Input Transition Off Event,FIRBeam #1,,8,0,,0.0,,0,,0,,0,,0,cog_Mouse Pairwise Initial Touch Training v3_RewardTone
83,1579.269,1010,38,Input Transition On Event,BIRBeam #1,,8,0,,0.0,,0,,0,,0,,0,cog_Mouse Pairwise Initial Touch Training v3_RewardTone
83,1581.232,1011,39,Input Transition Off Event,BIRBeam #1,,8,0,,0.0,,0,,0,,0,,0,cog_Mouse Pairwise Initial Touch Training v3_RewardTone
83,1581.365,1012,38,Input Transition On Event,FIRBeam #1,,8,0,,0.0,,0,,0,,0,,0,cog_Mouse Pairwise Initial Touch Training v3_RewardTone
83,1581.984,1013,39,Input Transition Off Event,FIRBeam #1,,8,0,,0.0,,0,,0,,0,,0,cog_Mouse Pairwise Initial Touch Training v3_RewardTone
83,1620.772,1014,38,Input Transition On Event,FIRBeam #1,,8,0,,0.0,,0,,0,,0,,0,cog_Mouse Pairwise Initial Touch Training v3_RewardTone
83,1620.99,1015,39,Input Transition Off Event,FIRBeam #1,,8,0,,0.0,,0,,0,,0,,0,cog_Mouse Pairwise Initial Touch Training v3_RewardTone
83,1621.062,1016,38,Input Transition On Event,FIRBeam #1,,8,0,,0.0,,0,,0,,0,,0,cog_Mouse Pairwise Initial Touch Training v3_RewardTone
83,1621.703,1017,39,Input Transition Off Event,FIRBeam #1,,8,0,,0.0,,0,,0,,0,,0,cog_Mouse Pairwise Initial Touch Training v3_RewardTone
83,1684.813,1018,38,Input Transition On Event,FIRBeam #1,,8,0,,0.0,,0,,0,,0,,0,cog_Mouse Pairwise Initial Touch Training v3_RewardTone
83,1685.318,1019,39,Input Transition Off Event,FIRBeam #1,,8,0,,0.0,,0,,0,,0,,0,cog_Mouse Pairwise Initial Touch Training v3_RewardTone
83,1694.369,1020,38,Input Transition On Event,FIRBeam #1,,8,0,,0.0,,0,,0,,0,,0,cog_Mouse Pairwise Initial Touch Training v3_RewardTone
83,1694.417,1021,39,Input Transition Off Event,FIRBeam #1,,8,0,,0.0,,0,,0,,0,,0,cog_Mouse Pairwise Initial Touch Training v3_RewardTone
83,1697.942,1022,38,Input Transition On Event,FIRBeam #1,,8,0,,0.0,,0,,0,,0,,0,cog_Mouse Pairwise Initial Touch Training v3_RewardTone
83,1698.107,1023,39,Input Transition Off Event,FIRBeam #1,,8,0,,0.0,,0,,0,,0,,0,cog_Mouse Pairwise Initial Touch Training v3_RewardTone
83,1698.409,1024,38,Input Transition On Event,FIRBeam #1,,8,0,,0.0,,0,,0,,0,,0,cog_Mouse Pairwise Initial Touch Training v3_RewardTone
83,1698.805,1025,39,Input Transition Off Event,FIRBeam #1,,8,0,,0.0,,0,,0,,0,,0,cog_Mouse Pairwise Initial Touch Training v3_RewardTone
83,1699.001,1026,38,Input Transition On Event,FIRBeam #1,,8,0,,0.0,,0,,0,,0,,0,cog_Mouse Pairwise Initial Touch Training v3_RewardTone
83,1699.268,1027,39,Input Transition Off Event,FIRBeam #1,,8,0,,0.0,,0,,0,,0,,0,cog_Mouse Pairwise Initial Touch Training v3_RewardTone
83,1728.788,1028,38,Input Transition On Event,FIRBeam #1,,8,0,,0.0,,0,,0,,0,,0,cog_Mouse Pairwise Initial Touch Training v3_RewardTone
83,1728.83,1029,39,Input Transition Off Event,FIRBeam #1,,8,0,,0.0,,0,,0,,0,,0,cog_Mouse Pairwise Initial Touch Training v3_RewardTone
83,1729.126,1030,38,Input Transition On Event,FIRBeam #1,,8,0,,0.0,,0,,0,,0,,0,cog_Mouse Pairwise Initial Touch Training v3_RewardTone
83,1729.321,1031,39,Input Transition Off Event,FIRBeam #1,,8,0,,0.0,,0,,0,,0,,0,cog_Mouse Pairwise Initial Touch Training v3_RewardTone
83,1730.902,1032,38,Input Transition On Event,FIRBeam #1,,8,0,,0.0,,0,,0,,0,,0,cog_Mouse Pairwise Initial Touch Training v3_RewardTone
83,1731.041,1033,39,Input Transition Off Event,FIRBeam #1,,8,0,,0.0,,0,,0,,0,,0,cog_Mouse Pairwise Initial Touch Training v3_RewardTone
83,1731.332,1034,38,Input Transition On Event,FIRBeam #1,,8,0,,0.0,,0,,0,,0,,0,cog_Mouse Pairwise Initial Touch Training v3_RewardTone
83,1731.555,1035,39,Input Transition Off Event,FIRBeam #1,,8,0,,0.0,,0,,0,,0,,0,cog_Mouse Pairwise Initial Touch Training v3_RewardTone
83,1736.759,1036,38,Input Transition On Event,FIRBeam #1,,8,0,,0.0,,0,,0,,0,,0,cog_Mouse Pairwise Initial Touch Training v3_RewardTone
83,1737.227,1037,39,Input Transition Off Event,FIRBeam #1,,8,0,,0.0,,0,,0,,0,,0,cog_Mouse Pairwise Initial Touch Training v3_RewardTone
83,1737.273,1038,38,Input Transition On Event,FIRBeam #1,,8,0,,0.0,,0,,0,,0,,0,cog_Mouse Pairwise Initial Touch Training v3_RewardTone
83,1742.877,1039,39,Input Transition Off Event,FIRBeam #1,,8,0,,0.0,,0,,0,,0,,0,cog_Mouse Pairwise Initial Touch Training v3_RewardTone
83,1785.206,1040,38,Input Transition On Event,FIRBeam #1,,8,0,,0.0,,0,,0,,0,,0,cog_Mouse Pairwise Initial Touch Training v3_RewardTone
83,1787.475,1041,39,Input Transition Off Event,FIRBeam #1,,8,0,,0.0,,0,,0,,0,,0,cog_Mouse Pairwise Initial Touch Training v3_RewardTone
83,1787.658,1042,38,Input Transition On Event,FIRBeam #1,,8,0,,0.0,,0,,0,,0,,0,cog_Mouse Pairwise Initial Touch Training v3_RewardTone
83,1787.708,1043,39,Input Transition Off Event,FIRBeam #1,,8,0,,0.0,,0,,0,,0,,0,cog_Mouse Pairwise Initial Touch Training v3_RewardTone
83,1788.089,1044,38,Input Transition On Event,FIRBeam #1,,8,0,,0.0,,0,,0,,0,,0,cog_Mouse Pairwise Initial Touch Training v3_RewardTone
83,1790.009,1045,39,Input Transition Off Event,FIRBeam #1,,8,0,,0.0,,0,,0,,0,,0,cog_Mouse Pairwise Initial Touch Training v3_RewardTone
83,1790.056,1046,38,Input Transition On Event,FIRBeam #1,,8,0,,0.0,,0,,0,,0,,0,cog_Mouse Pairwise Initial Touch Training v3_RewardTone
83,1790.173,1047,39,Input Transition Off Event,FIRBeam #1,,8,0,,0.0,,0,,0,,0,,0,cog_Mouse Pairwise Initial Touch Training v3_RewardTone
83,1800.0,1048,21,Group Change Event,Group Change,,8,1,New Group,9.0,,0,,0,,0,,0,cog_Mouse Pairwise Initial Touch Training v3_RewardTone
83,1800.0,1049,1,Condition Event,End of schedule,,9,0,,0.0,,0,,0,,0,,0,cog_Mouse Pairwise Initial Touch Training v3_RewardTone
83,1800.0,1050,61,Group Maintain Event,Group Change,,9,1,New Group,9.0,,0,,0,,0,,0,cog_Mouse Pairwise Initial Touch Training v3_RewardTone
83,1800.0,1051,29,Timer Event,_Schedule_Timer,,9,1,Value,1800.0,,0,,0,,0,,0,cog_Mouse Pairwise Initial Touch Training v3_RewardTone
83,1800.0,1052,29,Timer Event,Image_Timer,,9,1,Value,347.799,,0,,0,,0,,0,cog_Mouse Pairwise Initial Touch Training v3_RewardTone
83,1800.0,1053,29,Timer Event,ITI_Timer,,9,1,Value,350.8,,0,,0,,0,,0,cog_Mouse Pairwise Initial Touch Training v3_RewardTone
83,1800.0,1054,29,Timer Event,_Schedule_Timer,,9,1,Value,1800.0,,0,,0,,0,,0,cog_Mouse Pairwise Initial Touch Training v3_RewardTone
83,1800.0,1055,9999,Schedule Shutdown Event,(SYSTEM),,9,0,,0.0,,0,,0,,0,,0,cog_Mouse Pairwise Initial Touch Training v3_RewardTone
